0.00067
0.000969
0.000828
0.002088
0.002188
0.002372
0.001883
0.002027
0.001603
0.001062
-5.70E-05
-0.000282
-0.000652
-0.00098
-0.001154
-0.000244
-0.001012
-0.001366
-0.000646
-0.000327
-0.000298
0.000811
0.002243
0.002224
0.002468
0.002047
0.001622
0.001464
0.00169
0.001191
0.000638
0.001452
-0.000125
-0.000668
-0.001887
-0.000659
-0.000974
-0.000363
-0.000108
0.000493
0.001152
0.001519
0.002291
0.002722
0.002725
0.002195
0.002999
0.002494
0.002355
0.001593
0.00169
0.000451
0.000149
-0.000581
-0.000392
-0.001459
-0.000745
-0.000424
0.000384
0.000139
0.000561
0.001609
0.00186
0.002877
0.002976
0.002828
0.002864
0.003021
0.00251
0.002719
0.001635
0.001275
0.000294
0.000168
-0.000694
-0.000115
-0.000189
-0.000588
1.70E-05
0.000538
0.000477
0.001021
0.002471
0.002983
0.003198
0.003179
0.003214
0.003127
0.002536
0.002426
0.002172
0.001191
0.000471
-0.000607
0.000297
-0.000482
0.000409
0.000606
0.000721
-0.000134
0.000323
0.002281
0.001934
0.003356
0.003108
0.002729
0.003526
0.002941
0.002877
0.002243
0.002252
0.000686
0.001133
0.000323
0.000541
-0.000347
0.000509
0.001104
0.00049
-0.00024
0.000779
0.00214
0.002619
0.00323
0.003462
0.004144
0.003304
0.003359
0.002204
0.002169
0.002278
0.001735
0.000464
0.001455
0.000609
0.000207
0.000345
-3.13E-05
0.001744
0.000882
0.000734
0.001747
0.002696
0.002513
0.003575
0.003169
0.003279
0.003205
0.002635
0.002185
0.002458
0.001288
0.000754
0.001107
0.000683
8.77E-05
-0.000179
0.001017
0.001049
0.00095
0.001175
0.001802
0.002384
0.002896
0.002835
0.003333
0.004141
0.002886
0.003575
0.003829
0.002172
0.001197
0.001419
0.000519
0.000786
0.000651
-2.48E-05
0.000557
0.000448
0.000934
0.000972
0.003102
0.002793
0.003388
0.003262
0.004465
0.003475
0.003546
0.002999
0.002574
0.002433
0.000461
0.001558
0.000229
0.000892
0.000635
0.000265
0.000676
0.000651
0.001014
0.001825
0.002307
0.002831
0.003314
0.003356
0.003343
0.003484
0.003462
0.003053
0.00215
0.003066
0.00121
0.001098
0.000544
0.000776
0.000657
0.000757
0.000963
0.001188
0.001011
0.001001
0.001747
0.002507
0.003385
0.003452
0.003256
0.003938
0.004137
0.003005
0.002516
0.002133
0.001616
0.001017
0.00021
0.001169
-0.000996
-2.16E-05
0.000429
0.000992
0.000834
0.001259
0.002101
0.00287
0.003359
0.002999
0.00233
0.004038
0.002281
0.003079
0.002645
0.002201
0.001522
0.002082
0.000413
0.001123
0.000471
0.000528
-9.24E-05
0.001098
0.000358
0.001304
0.002043
0.002536
0.00323
0.002873
0.003346
0.003591
0.00387
0.003726
0.002912
0.002536
0.000982
0.000831
0.000696
0.000287
0.000255
0.000104
-0.000482
0.000686
0.000828
0.001236
0.002024
0.002979
0.00371
0.00343
0.003311
0.003838
0.003385
0.003211
0.00288
0.002671
0.001326
0.000361
0.000792
-0.000256
0.001091
0.000191
2.02E-05
0.001037
0.000863
0.001053
0.001201
0.002474
0.002754
0.002101
0.002893
0.003468
0.003131
0.002915
0.002893
0.002323
0.001423
0.000602
0.001355
-9.88E-05
0.001095
-0.000697
0.00021
0.000335
0.001072
0.001487
0.002166
0.002375
0.002593
0.002806
0.002635
0.002883
0.002491
0.002407
0.001995
0.002005
0.001207
0.000718
0.000448
0.00057
0.000178
-0.000118
0.000532
0.00031
0.001024
0.001024
0.002925
0.002195
0.002523
0.002651
0.002725
0.003108
0.002568
0.002651
0.001214
0.002211
0.000969
0.000718
0.000416
-0.000482
3.95E-05
0.0003
-0.000263
-0.000308
0.001136
0.00094
0.00187
0.002117
0.002362
0.002941
0.003008
0.002375
0.003575
0.002352
0.002362
0.001741
0.001152
0.001381
3.95E-05
0.000249
-0.000311
0.000101
0.00059
0.000258
0.000602
0.000522
0.000976
0.001674
0.0026
0.0027
0.003575
0.00324
0.002938
0.002214
0.002243
0.00169
0.000863
0.00038
-0.000449
0.001178
-0.000691
-0.000501
0.000175
-0.000366
2.02E-05
4.59E-05
0.00159
0.00222
0.002793
0.002352
0.002835
0.002976
0.002487
0.002201
0.002047
0.000972
0.001046
0.000622
0.000239
-0.000449
-0.000408
-0.000816
-0.000729
-7.63E-05
0.000136
-0.000906
0.001674
0.001957
0.001609
0.002246
0.00269
0.002944
0.002346
0.002597
0.001226
0.001143
0.000606
-0.000199
-0.000282
-0.000195
-0.000227
-0.000597
-0.000662
-0.000826
-0.000716
-6.02E-05
0.000487
0.000921
0.001381
0.001825
0.002179
0.00213
0.00185
0.00185
0.001506
0.001741
0.000573
-0.00052
-8.60E-05
-0.000469
-0.000752
-0.000768
-0.000687
-0.000478
-0.000298
-0.001138
0.000319
0.000908
0.001963
0.001722
0.001242
0.001863
0.001895
0.001426
0.001509
0.001435
-1.20E-05
-0.000385
-0.001543
-0.001006
-0.00098
-0.000752
-0.001057
-0.001022
-0.000375
-0.000697
0.00029
0.00095
0.001545
0.001371
0.001188
0.001522
0.001805
0.001278
0.001107
0.000908
8.89E-07
-0.001752
-0.000832
-0.001524
-0.000626
-0.00199
-0.001968
-0.001086
-0.000874
-0.00052
0.00084
0.000175
0.00086
0.001448
0.001651
0.001326
0.000998
0.000104
-0.000404
0.000487
7.32E-06
-0.000977
-0.001437
-0.001479
-0.002318
-0.001984
-0.001672
-0.001575
-0.002016
-0.00118
-0.000118
0.000117
0.000557
0.001149
0.001265
0.001815
0.00123
0.000323
0.000364
0.000184
-0.000363
-0.000951
-0.001508
-0.001466
-0.002199
-0.00245
-0.001701
-0.001681
-0.001135
-0.000459
-0.000305
-7.63E-05
0.000557
-0.000205
0.000458
0.001159
0.000561
0.000104
0.000139
-6.99E-05
-0.000681
-0.001591
-0.002013
-0.002383
-0.002473
-0.001961
-0.002174
-0.001829
-0.00153
-0.001665
-0.000401
0.000471
0.000345
0.000384
0.001265
0.000982
0.001024
0.000815
-0.000449
-0.001038
-0.001122
-0.001427
-0.002116
-0.002859
-0.002785
-0.002402
-0.001849
-0.000848
-0.001582
-0.001974
-0.001463
-0.000321
0.000146
0.000477
0.000725
0.001043
0.000715
-2.48E-05
-0.000392
-0.000642
-0.001286
-0.002196
-0.002116
-0.002505
-0.002476
-0.00281
-0.00272
-0.002077
-0.002087
-0.002614
-0.00116
0.000725
-0.000131
0.0003
0.000953
2.34E-05
-0.000105
-0.000729
-0.000781
-0.000311
-0.00081
-0.002556
-0.002781
-0.002846
-0.002334
-0.003515
-0.002312
-0.001067
-0.002312
-0.002199
-0.001498
-0.000572
-0.0007
-0.000977
0.000268
9.74E-05
0.001078
0.000316
-0.000456
-0.000726
-0.001421
-0.002196
-0.002595
-0.002424
-0.003611
-0.002897
-0.002933
-0.002576
-0.00219
-0.001755
-0.001823
-0.000954
-0.000105
-0.000224
-0.000411
0.000187
-0.000334
-0.00072
-0.000729
-0.000736
-0.001942
-0.002206
-0.00245
-0.002424
-0.003434
-0.003547
-0.003328
-0.002736
-0.002267
-0.002521
-0.001829
-0.00109
-8.92E-05
-0.000269
0.000345
0.000342
0.000705
-6.34E-05
-0.000192
-0.001032
-0.001549
-0.002238
-0.00265
-0.003203
-0.003454
-0.003151
-0.004091
-0.002167
-0.002566
-0.002141
-0.001038
-0.000536
-0.000533
-0.000266
0.000133
0.000339
-0.000295
-0.000633
-0.001041
-0.00088
-0.001276
-0.002334
-0.002476
-0.00337
-0.00292
-0.003023
-0.003399
-0.002521
-0.003052
-0.002071
-0.001347
-0.001109
-0.000935
-0.00024
0.000181
0.000528
-0.000655
-2.33E-06
-0.001196
-0.001112
-0.001707
-0.002415
-0.002788
-0.002923
-0.003058
-0.003048
-0.002489
-0.003412
-0.002872
-0.00199
-0.002228
-0.001357
-0.000552
-9.56E-05
7.81E-05
0.000477
-0.000948
-0.000491
-0.001804
-0.000813
-0.001495
-0.002415
-0.002588
-0.002945
-0.003647
-0.004313
-0.003203
-0.002791
-0.002752
-0.002479
-0.001935
-0.001347
-0.000221
-0.001286
0.000271
0.00049
-0.000613
-0.000334
-0.00118
-0.00127
-0.001897
-0.003
-0.003052
-0.003476
-0.003196
-0.003425
-0.003055
-0.002862
-0.00246
-0.002534
-0.000958
-0.000893
-0.000121
-0.000388
0.000323
5.24E-05
-0.000211
-0.000523
-0.000449
-0.001141
-0.002029
-0.002389
-0.00235
-0.002531
-0.003245
-0.003618
-0.003077
-0.001955
-0.003032
-0.002026
-0.001575
-0.000659
-0.001508
-0.000646
-0.000369
-0.000199
0.000204
-0.000456
-0.001048
-0.000678
-0.001369
-0.002621
-0.002022
-0.001739
-0.003621
-0.003579
-0.003097
-0.002749
-0.003045
-0.00283
-0.00145
-0.001292
-0.001469
6.84E-05
-0.000227
0.000551
-0.000475
-0.000684
-0.00089
-0.000954
-0.001331
-0.002315
-0.002186
-0.002917
-0.003476
-0.002929
-0.003135
-0.003264
-0.002897
-0.002482
-0.00144
-0.000607
-0.000897
0.000384
0.000171
0.00066
-0.000195
0.000631
-0.000704
-0.001266
-0.002077
-0.002936
-0.002917
-0.002212
-0.00292
-0.002495
-0.002733
-0.002502
-0.002116
-0.002309
-0.001302
-0.000189
-0.00061
-0.000462
0.000326
0.000171
-0.000475
-0.000147
-0.000723
-0.000781
-0.001379
-0.001916
-0.003113
-0.003277
-0.003138
-0.003492
-0.003348
-0.002846
-0.001955
-0.002444
-0.001659
-0.000739
-0.000379
6.52E-05
-3.45E-05
0.000239
0.000297
-8.76E-06
-0.000379
-0.00072
-0.000951
-0.002093
-0.002582
-0.002122
-0.002318
-0.003074
-0.002196
-0.002112
-0.002177
-0.002373
-0.001543
-9.56E-05
-0.000549
0.000413
3.63E-05
0.000229
0.000493
0.000451
-0.001887
-0.001984
-0.001453
-0.002331
-0.001894
-0.002222
-0.003019
-0.002482
-0.002798
-0.003164
-0.001752
-0.001135
-0.001019
-0.00025
-0.000276
0.00029
0.000664
0.000937
0.00084
0.001104
-1.84E-05
-0.00088
-0.001466
-0.002077
-0.001733
-0.002151
-0.002096
-0.00281
-0.002913
-0.002698
-0.001768
-0.001669
-0.000211
0.000101
-0.000189
0.000683
0.000606
0.000503
0.000541
0.001011
-0.000128
-0.000601
-0.000488
-0.002093
-0.001688
-0.002875
-0.002238
-0.002907
-0.003441
-0.002746
-0.001964
-0.00172
-0.000662
0.000223
-0.000147
0.000641
0.001313
0.001365
0.001326
0.001828
0.000535
-0.000353
-0.001073
-0.001228
-0.00107
-0.001665
-0.001595
-0.002042
-0.002083
-0.002109
-0.001569
-0.001504
-0.000784
0.000818
0.000355
0.00086
0.001316
0.001838
0.001648
0.001181
0.001288
0.000747
-0.000485
-0.000942
-0.000858
-0.001508
-0.001176
-0.002112
-0.002736
-0.002505
-0.00117
-0.001205
-0.000427
0.000126
0.000216
0.000641
0.001593
0.001429
0.001982
0.001252
0.001217
0.000525
-4.74E-05
-0.000964
-0.00034
-0.000588
-0.002215
-0.001833
-0.001836
-0.001829
-0.001501
