0.000207
0.000596
0.000113
0.001024
0.001944
0.001995
0.001815
0.003697
0.003732
0.0049
0.005196
0.004781
0.005096
0.005263
0.004929
0.004485
0.004678
0.002954
0.003542
0.003102
0.002307
0.002934
0.00351
0.0036
0.003217
0.003845
0.005344
0.006743
0.007335
0.007296
0.008464
0.007914
0.00838
0.007808
0.006659
0.00801
0.007016
0.006685
0.006534
0.005984
0.005627
0.004996
0.006334
0.00618
0.006006
0.007354
0.007943
0.00911
0.0104
0.009844
0.010744
0.009956
0.010648
0.010513
0.010361
0.010651
0.009873
0.009136
0.009084
0.008863
0.008933
0.008647
0.008766
0.009554
0.00958
0.010233
0.010612
0.011256
0.011941
0.012784
0.013507
0.013642
0.013372
0.013157
0.013102
0.013141
0.012359
0.011388
0.012195
0.012221
0.010728
0.011285
0.010995
0.012044
0.012156
0.012854
0.012758
0.01342
0.014408
0.015437
0.016177
0.016019
0.015997
0.015781
0.016306
0.014984
0.01426
0.014492
0.014118
0.014656
0.013005
0.013427
0.013829
0.013646
0.01463
0.015643
0.014302
0.016537
0.016692
0.017367
0.017734
0.017708
0.018036
0.017953
0.017673
0.018281
0.015791
0.016705
0.016383
0.015617
0.015846
0.01518
0.015428
0.01572
0.016869
0.016373
0.017657
0.018187
0.018985
0.019101
0.019686
0.020677
0.019741
0.020262
0.019259
0.019146
0.020104
0.017727
0.018014
0.01794
0.01766
0.017567
0.016569
0.018139
0.0183
0.018741
0.019297
0.020291
0.020584
0.021053
0.021288
0.02217
0.021931
0.02151
0.021298
0.021015
0.020622
0.019911
0.018998
0.01922
0.018303
0.01894
0.018306
0.019403
0.019532
0.02024
0.020957
0.021645
0.021983
0.022629
0.022736
0.02325
0.022765
0.022562
0.021719
0.022211
0.021668
0.0215
0.020671
0.019902
0.020375
0.020323
0.020568
0.020343
0.020989
0.02051
0.021407
0.022826
0.023633
0.023765
0.024498
0.024116
0.023987
0.023685
0.022652
0.023093
0.022488
0.021928
0.021275
0.021523
0.021607
0.020426
0.020664
0.021291
0.021803
0.022031
0.022266
0.022945
0.023639
0.024247
0.024132
0.024691
0.02472
0.024534
0.02472
0.023623
0.023331
0.022498
0.021816
0.021465
0.020703
0.021623
0.021619
0.022215
0.021909
0.022488
0.022256
0.023022
0.024025
0.024942
0.024505
0.024807
0.02474
0.024624
0.024161
0.024344
0.02389
0.023511
0.022324
0.021513
0.021716
0.021648
0.02161
0.0217
0.021378
0.022314
0.023508
0.023794
0.023208
0.024421
0.025183
0.025058
0.025193
0.024974
0.024457
0.024051
0.023263
0.022916
0.022176
0.022041
0.021439
0.020999
0.021324
0.021041
0.021089
0.021977
0.022597
0.023208
0.023594
0.02453
0.025274
0.023964
0.02463
0.024559
0.024138
0.023688
0.022096
0.022256
0.021999
0.021324
0.021282
0.020828
0.020809
0.021504
0.02069
0.02132
0.021722
0.022009
0.022874
0.023594
0.023649
0.024289
0.025106
0.023903
0.022588
0.022829
0.022916
0.021118
0.020857
0.020291
0.020278
0.020156
0.019873
0.020349
0.020201
0.0206
0.020925
0.022047
0.022317
0.022363
0.022198
0.022794
0.022935
0.022363
0.022044
0.021619
0.021079
0.02022
0.019587
0.018577
0.020053
0.018863
0.018525
0.018393
0.018815
0.017821
0.019503
0.020191
0.020571
0.020867
0.021291
0.021233
0.021336
0.02134
0.021262
0.020121
0.020223
0.019239
0.017891
0.017718
0.017682
0.01721
0.016762
0.01728
0.017255
0.017769
0.018175
0.018898
0.018294
0.01958
0.019854
0.019757
0.019442
0.01886
0.018483
0.018027
0.01766
0.017293
0.016396
0.015572
0.015572
0.015511
0.016019
0.015286
0.01574
0.015862
0.016489
0.01682
0.01747
0.017821
0.017126
0.017605
0.017666
0.017541
0.017322
0.016161
0.015717
0.014556
0.014858
0.013787
0.014344
0.013932
0.01317
0.013478
0.013575
0.014199
0.013858
0.014225
0.015379
0.01555
0.015518
0.01636
0.015945
0.01462
0.015161
0.014257
0.013195
0.012423
0.012073
0.011809
0.01169
0.011507
0.011256
0.01041
0.010931
0.011571
0.011304
0.012243
0.012491
0.012414
0.013147
0.013462
0.013613
0.013028
0.012224
0.011667
0.011121
0.010995
0.009181
0.00958
0.008496
0.009168
0.008811
0.008846
0.008007
0.008579
0.008383
0.009914
0.010439
0.011696
0.010661
0.010719
0.010619
0.010497
0.010021
0.009155
0.008673
0.007441
0.007151
0.006161
0.005977
0.00564
0.004433
0.005154
0.005778
0.005926
0.006373
0.00711
0.00756
0.00766
0.007734
0.008046
0.007579
0.007444
0.008039
0.005681
0.006582
0.004993
0.004318
0.003481
0.003436
0.002944
0.002124
0.002729
0.003108
0.003317
0.003546
0.003748
0.004604
0.003957
0.00444
0.005308
0.005228
0.004372
0.004305
0.003169
0.001979
0.002146
0.00113
0.00059
0.000525
-0.000604
7.49E-05
-0.00035
0.000721
4.91E-05
-0.000279
0.000976
0.001529
0.001371
0.002294
0.001821
0.001587
0.001423
0.002169
-0.000118
0.000142
-0.000552
-0.001746
-0.002164
-0.002331
-0.002614
-0.003328
-0.003013
-0.002611
-0.002724
-0.002325
-0.001829
-0.001929
-0.00099
-0.001392
-0.000546
-0.000671
-0.001344
-0.001575
-0.0029
-0.002769
-0.003859
-0.004773
-0.004808
-0.005136
-0.005654
-0.006075
-0.005982
-0.006075
-0.005393
-0.006101
-0.004792
-0.004837
-0.004605
-0.004415
-0.003521
-0.004174
-0.005007
-0.004943
-0.005171
-0.006529
-0.007169
-0.006783
-0.007706
-0.007452
-0.008459
-0.009224
-0.008719
-0.00898
-0.008629
-0.008443
-0.008362
-0.007069
-0.007494
-0.007162
-0.007101
-0.008195
-0.008578
-0.00823
-0.008459
-0.00942
-0.010241
-0.009671
-0.010424
-0.010643
-0.011846
-0.011704
-0.011563
-0.011222
-0.011556
-0.011444
-0.010504
-0.009449
-0.009897
-0.010231
-0.010035
-0.010009
-0.009527
-0.011798
-0.012473
-0.012319
-0.011929
-0.01293
-0.013943
-0.013695
-0.014345
-0.014509
-0.013994
-0.014027
-0.013325
-0.014458
-0.01329
-0.012608
-0.01238
-0.011794
-0.012364
-0.012914
-0.012277
-0.01357
-0.01411
-0.013653
-0.015062
-0.015654
-0.015773
-0.016574
-0.016947
-0.016944
-0.016838
-0.016378
-0.01651
-0.015603
-0.015908
-0.014927
-0.014776
-0.014657
-0.014442
-0.014384
-0.014828
-0.016018
-0.016825
-0.016291
-0.017098
-0.017777
-0.018491
-0.01907
-0.019202
-0.019672
-0.019498
-0.019102
-0.018896
-0.018308
-0.017703
-0.017388
-0.017349
-0.016822
-0.016635
-0.017153
-0.016503
-0.016896
-0.017864
-0.018292
-0.01907
-0.020067
-0.020582
-0.021827
-0.021672
-0.020678
-0.020952
-0.021222
-0.020797
-0.020653
-0.019903
-0.019321
-0.018823
-0.018877
-0.01842
-0.018839
-0.018823
-0.019221
-0.020183
-0.020383
-0.021257
-0.021785
-0.021943
-0.022846
-0.022399
-0.022287
-0.023284
-0.02246
-0.022264
-0.021933
-0.021952
-0.020849
-0.020035
-0.019797
-0.019472
-0.021836
-0.018987
-0.020839
-0.021457
-0.021026
-0.022444
-0.022937
-0.023265
-0.023326
-0.02421
-0.023979
-0.024066
-0.023728
-0.023107
-0.023782
-0.02202
-0.021267
-0.021
-0.021087
-0.021772
-0.020855
-0.020923
-0.021978
-0.021853
-0.022554
-0.02265
-0.02367
-0.02367
-0.024101
-0.023358
-0.024329
-0.024185
-0.023104
-0.023432
-0.023799
-0.023541
-0.022216
-0.022161
-0.022158
-0.021608
-0.021283
-0.022518
-0.022055
-0.022361
-0.022978
-0.023535
-0.023638
-0.02441
-0.025195
-0.02532
-0.025655
-0.025256
-0.02395
-0.024358
-0.024474
-0.023075
-0.022698
-0.023001
-0.021486
-0.022789
-0.021952
-0.0223
-0.022399
-0.022377
-0.023316
-0.023406
-0.024773
-0.025182
-0.025166
-0.025417
-0.024735
-0.025375
-0.024294
-0.024863
-0.024368
-0.023786
-0.023062
-0.02256
-0.022325
-0.021647
-0.02192
-0.02192
-0.022261
-0.023384
-0.022515
-0.024027
-0.024207
-0.024307
-0.024754
-0.025503
-0.02487
-0.02496
-0.023895
-0.02431
-0.02395
-0.023696
-0.022454
-0.021907
-0.022634
-0.021457
-0.021405
-0.021885
-0.022506
-0.022586
-0.022354
-0.024513
-0.024452
-0.024024
-0.024053
-0.024297
-0.024899
-0.024445
-0.023811
-0.023937
-0.023937
-0.022377
-0.021573
-0.02175
-0.021589
-0.02145
-0.020704
-0.021093
-0.021097
-0.021724
-0.021164
-0.023046
-0.023557
-0.02404
-0.022917
-0.02385
-0.023593
-0.024776
-0.022837
-0.022747
-0.022901
-0.021975
-0.019935
-0.020386
-0.019501
-0.019855
-0.019726
-0.018896
-0.020199
-0.020064
-0.020875
-0.021241
-0.021914
-0.022965
-0.022695
-0.022737
-0.023358
-0.022258
-0.022023
-0.021656
-0.020788
-0.019955
-0.019083
-0.018691
-0.019344
-0.018758
-0.018189
-0.018192
-0.019411
-0.019041
-0.018999
-0.019385
-0.021148
-0.021093
-0.020907
-0.020994
-0.021113
-0.020447
-0.02018
-0.020157
-0.019742
-0.018707
-0.017414
-0.017552
-0.017166
-0.016417
-0.016371
-0.015712
-0.016857
-0.016983
-0.017008
-0.017459
-0.018964
-0.019688
-0.019289
-0.018896
-0.018498
-0.018932
-0.017899
-0.018318
-0.018411
-0.016317
-0.0166
-0.015387
-0.015207
-0.014589
-0.014525
-0.014261
-0.014795
-0.014493
-0.015101
-0.016079
-0.016204
-0.016516
-0.016806
-0.017221
-0.016683
-0.01734
-0.014348
-0.015738
-0.015397
-0.014844
-0.014654
-0.013026
-0.012605
-0.010456
-0.012074
-0.011794
-0.012521
-0.012946
-0.012881
-0.013448
-0.014454
-0.014766
-0.01439
-0.014216
-0.013949
-0.014454
-0.014065
-0.013129
-0.013274
-0.01145
-0.011296
-0.010607
-0.008729
-0.010131
-0.009774
-0.00953
-0.009877
-0.009523
-0.01035
-0.010611
-0.011276
-0.011309
-0.011199
-0.011482
-0.011354
-0.011293
-0.010945
-0.009816
-0.010463
-0.009218
-0.008365
-0.008417
-0.008497
-0.006802
-0.005564
-0.006548
-0.006928
-0.00686
-0.007217
-0.007635
-0.009607
-0.008552
-0.008163
-0.008501
-0.008813
-0.008584
-0.007529
-0.007439
-0.007629
-0.006197
-0.005554
-0.004657
-0.004708
-0.004374
-0.004313
-0.003267
-0.003306
-0.003981
-0.004194
-0.005245
-0.005422
-0.005828
-0.005599
-0.005863
-0.005895
-0.005094
-0.005564
-0.004483
-0.004506
-0.003335
-0.002508
-0.002238
-0.001945
-0.001804
-0.001067
-0.000157
-0.001067
-0.001501
-0.001611
-0.002331
-0.002997
-0.002727
-0.002125
-0.002707
-0.002055
-0.00236
-0.00273
-0.001504
-0.00125
-0.000652
0.000573
0.000194
0.001059
0.001564
0.001867
0.002207
0.003192
0.001532
0.001805
0.000554
0.001214
0.000146
