0.002079
0.003568
0.003118
0.002616
0.002632
0.003034
0.003121
0.002638
0.002725
0.001928
0.001455
0.001069
0.000458
0.001001
0.000934
0.001442
0.001532
0.002986
0.002979
0.002757
0.003838
0.004588
0.004282
0.005585
0.005569
0.004823
0.00609
0.004861
0.004694
0.003636
0.003468
0.003047
0.003024
0.000821
0.003237
0.003118
0.003629
0.004031
0.004585
0.005099
0.005865
0.005852
0.006981
0.007164
0.007762
0.007428
0.006601
0.006672
0.006965
0.005061
0.005392
0.004723
0.004864
0.004858
0.004536
0.005572
0.005746
0.00645
0.006228
0.007483
0.00783
0.007904
0.008641
0.008647
0.009863
0.0082
0.008808
0.008515
0.008219
0.007383
0.007074
0.006839
0.006601
0.006389
0.006112
0.007627
0.007396
0.007447
0.008226
0.008785
0.010226
0.010226
0.010307
0.01058
0.010609
0.009988
0.010426
0.010214
0.010152
0.009509
0.009451
0.00839
0.008808
0.008325
0.008351
0.00931
0.009149
0.009599
0.008859
0.01058
0.011378
0.012002
0.012459
0.0126
0.012111
0.012613
0.011857
0.011101
0.01123
0.010786
0.009956
0.009866
0.009792
0.010329
0.010017
0.010497
0.010728
0.010561
0.010847
0.012008
0.012719
0.013755
0.013234
0.012999
0.013983
0.013678
0.013253
0.012854
0.012565
0.011999
0.011169
0.010934
0.010992
0.010767
0.010638
0.011281
0.011317
0.012169
0.011967
0.013517
0.013768
0.014617
0.014057
0.014916
0.015315
0.014958
0.014421
0.013967
0.013417
0.012578
0.012256
0.011873
0.011667
0.011568
0.012143
0.011526
0.012423
0.012597
0.012388
0.013295
0.014636
0.014894
0.015595
0.015444
0.016158
0.015408
0.015074
0.015125
0.014874
0.014279
0.013694
0.012407
0.013382
0.013646
0.012137
0.012008
0.01352
0.013494
0.014784
0.013835
0.015341
0.016383
0.016428
0.016203
0.016602
0.016489
0.015987
0.015283
0.015791
0.015437
0.014106
0.013346
0.014537
0.013813
0.013797
0.013324
0.014266
0.013424
0.014125
0.015498
0.015865
0.016341
0.016682
0.016705
0.016492
0.017245
0.016679
0.015765
0.016039
0.015724
0.014562
0.013929
0.013681
0.013617
0.013137
0.01418
0.013961
0.014823
0.014299
0.015421
0.017222
0.016534
0.016878
0.01683
0.017477
0.017332
0.016801
0.016528
0.015743
0.015926
0.015112
0.013038
0.014192
0.014051
0.013623
0.014279
0.014755
0.015157
0.015132
0.015659
0.016705
0.017081
0.016965
0.017145
0.017557
0.015505
0.016614
0.016428
0.015936
0.015691
0.014762
0.014469
0.013958
0.014035
0.014237
0.013382
0.014643
0.015074
0.014675
0.015807
0.016653
0.016772
0.016779
0.017618
0.016975
0.016405
0.016666
0.01592
0.016003
0.015267
0.015022
0.014135
0.014347
0.014266
0.014299
0.013832
0.013806
0.014231
0.014495
0.01489
0.016212
0.01683
0.016508
0.016827
0.016927
0.016637
0.016348
0.015749
0.01528
0.014678
0.014086
0.013601
0.013227
0.013034
0.013729
0.013433
0.014865
0.013594
0.014163
0.015071
0.015968
0.016103
0.015958
0.016766
0.015823
0.016177
0.015601
0.015929
0.014878
0.014099
0.013295
0.012867
0.013527
0.012443
0.012732
0.012703
0.01307
0.013256
0.012851
0.014151
0.014826
0.014717
0.015524
0.01565
0.015093
0.015485
0.014961
0.014083
0.014237
0.013539
0.012832
0.01232
0.01186
0.011867
0.011191
0.012057
0.012391
0.012118
0.012105
0.012526
0.013478
0.015006
0.014328
0.014826
0.015116
0.014633
0.013131
0.012912
0.01288
0.012343
0.011642
0.01113
0.01076
0.01031
0.01059
0.009654
0.011307
0.011095
0.010973
0.011153
0.012603
0.013115
0.013327
0.012565
0.013044
0.012893
0.012375
0.012111
0.011729
0.011304
0.010394
0.009705
0.009583
0.009528
0.009117
0.00938
0.009725
0.009258
0.009792
0.01049
0.010809
0.011105
0.011819
0.012015
0.011938
0.011558
0.01123
0.010998
0.010722
0.009152
0.008731
0.008457
0.007547
0.007711
0.007894
0.00775
0.008232
0.00848
0.008599
0.009216
0.009535
0.010001
0.01012
0.009953
0.01031
0.009371
0.008769
0.00911
0.008367
0.008184
0.007817
0.006563
0.006235
0.005762
0.006283
0.00682
0.006588
0.006457
0.006987
0.007331
0.007325
0.008071
0.008335
0.008641
0.008779
0.006917
0.007331
0.007251
0.007222
0.005997
0.004935
0.005128
0.004073
0.004922
0.00463
0.004543
0.004623
0.004684
0.004501
0.005733
0.006026
0.006402
0.006531
0.007019
0.006678
0.005652
0.00553
0.005501
0.005504
0.004646
0.003751
0.003989
0.002394
0.002587
0.002413
0.002684
0.002835
0.002397
0.002803
0.00371
0.004543
0.003912
0.004613
0.004539
0.006235
0.004314
0.003771
0.003697
0.003272
0.002712
0.001008
0.001136
0.001342
0.000567
0.000306
0.000516
0.000776
0.000641
0.000612
0.001744
0.002545
0.002445
0.002912
0.002838
0.003189
0.002133
0.001255
0.00177
0.001802
0.000583
-0.000765
-0.000671
-0.000958
-0.000987
-0.001652
-0.000948
-0.000913
-0.001106
-0.001041
-0.00081
0.000152
0.000403
0.000335
0.000696
0.001091
0.000795
-1.84E-05
0.000278
-0.000327
-0.001739
-0.002502
-0.002569
-0.002865
-0.003267
-0.004255
-0.003672
-0.002933
-0.003431
-0.00301
-0.001968
-0.001813
-0.001118
-0.001176
-0.000983
-0.000874
-0.001311
-0.001913
-0.001945
-0.002743
-0.002605
-0.004586
-0.004496
-0.005146
-0.004152
-0.006622
-0.005059
-0.004341
-0.004978
-0.005306
-0.003756
-0.004229
-0.003274
-0.002765
-0.002653
-0.003065
-0.00365
-0.003557
-0.003734
-0.004885
-0.005152
-0.0065
-0.006789
-0.00722
-0.007085
-0.007806
-0.006796
-0.006117
-0.006841
-0.0074
-0.006291
-0.005425
-0.004827
-0.005516
-0.00502
-0.004863
-0.004248
-0.005499
-0.007738
-0.005564
-0.007355
-0.008221
-0.008372
-0.008558
-0.00879
-0.009208
-0.009073
-0.008455
-0.008147
-0.008584
-0.00759
-0.006719
-0.007564
-0.007436
-0.006838
-0.007024
-0.006921
-0.007375
-0.007915
-0.007902
-0.009324
-0.0098
-0.010405
-0.010141
-0.010881
-0.009977
-0.010968
-0.01043
-0.010752
-0.010363
-0.009678
-0.009022
-0.008574
-0.008336
-0.008443
-0.007584
-0.008755
-0.009279
-0.009321
-0.009642
-0.011064
-0.011119
-0.012013
-0.012061
-0.012653
-0.012312
-0.011736
-0.012615
-0.011695
-0.011617
-0.010768
-0.010125
-0.00989
-0.009546
-0.009324
-0.010044
-0.010495
-0.010299
-0.010418
-0.011437
-0.011711
-0.012656
-0.013091
-0.013187
-0.013358
-0.013338
-0.013863
-0.013287
-0.013322
-0.012959
-0.013001
-0.011669
-0.011547
-0.011389
-0.010878
-0.011103
-0.011112
-0.011032
-0.011707
-0.01211
-0.013062
-0.013615
-0.014014
-0.014419
-0.01532
-0.014741
-0.014458
-0.014474
-0.014329
-0.013982
-0.012824
-0.013165
-0.012521
-0.011917
-0.012248
-0.011675
-0.01264
-0.012132
-0.012779
-0.013509
-0.014329
-0.014438
-0.015307
-0.015297
-0.01613
-0.016803
-0.0154
-0.015609
-0.015236
-0.015844
-0.013994
-0.01266
-0.013879
-0.013412
-0.012608
-0.012508
-0.013116
-0.014039
-0.013341
-0.01376
-0.014052
-0.015571
-0.015799
-0.01569
-0.016211
-0.016905
-0.015802
-0.015423
-0.016278
-0.016169
-0.015017
-0.01421
-0.014297
-0.013917
-0.013589
-0.01357
-0.013965
-0.014323
-0.013036
-0.014663
-0.015789
-0.015963
-0.016146
-0.016523
-0.016339
-0.015394
-0.016796
-0.016503
-0.016677
-0.016375
-0.014747
-0.014953
-0.014953
-0.014512
-0.013528
-0.013763
-0.014663
-0.014348
-0.014602
-0.014811
-0.016166
-0.0165
-0.016905
-0.015815
-0.016529
-0.017375
-0.017269
-0.017115
-0.016249
-0.015969
-0.015419
-0.014294
-0.01384
-0.015458
-0.014226
-0.013563
-0.013937
-0.015136
-0.014056
-0.014718
-0.015307
-0.017542
-0.016439
-0.016121
-0.017024
-0.016375
-0.016815
-0.016796
-0.016918
-0.0165
-0.016114
-0.01466
-0.014088
-0.014451
-0.014043
-0.012734
-0.013348
-0.014197
-0.014815
-0.013554
-0.016085
-0.016265
-0.015828
-0.016687
-0.016719
-0.016606
-0.016301
-0.016243
-0.015503
-0.015484
-0.014972
-0.014149
-0.014091
-0.013592
-0.013576
-0.012894
-0.014023
-0.013313
-0.013885
-0.014345
-0.015214
-0.015802
-0.015712
-0.015442
-0.015468
-0.016452
-0.015062
-0.015773
-0.015953
-0.015519
-0.01402
-0.013165
-0.013708
-0.013296
-0.012666
-0.011987
-0.012579
-0.012865
-0.013136
-0.013126
-0.014187
-0.015378
-0.015776
-0.015468
-0.015535
-0.015033
-0.015828
-0.015107
-0.014239
-0.014255
-0.013364
-0.012872
-0.012299
-0.012277
-0.011794
-0.011543
-0.011479
-0.011984
-0.012338
-0.012766
-0.012972
-0.013795
-0.014088
-0.014004
-0.014882
-0.015056
-0.014274
-0.01411
-0.013319
-0.013267
-0.012701
-0.011833
-0.011321
-0.011148
-0.010714
-0.010501
-0.010533
-0.011116
-0.010701
-0.011363
-0.012003
-0.012824
-0.012756
-0.012212
-0.012997
-0.012473
-0.01291
-0.013329
-0.012785
-0.012528
-0.010685
-0.010636
-0.00988
-0.010266
-0.009363
-0.009044
-0.009044
-0.008053
-0.009597
-0.009913
-0.010286
-0.010926
-0.011781
-0.011167
-0.011878
-0.011228
-0.011444
-0.011724
-0.010884
-0.010241
-0.010202
-0.009488
-0.008764
-0.009018
-0.007793
-0.007159
-0.008308
-0.007442
-0.008108
-0.008774
-0.009768
-0.009301
-0.009697
-0.009363
-0.010315
-0.009848
-0.010147
-0.009829
-0.009192
-0.009826
-0.008944
-0.007002
-0.007249
-0.007429
-0.005152
-0.005869
-0.005348
-0.006027
-0.006992
-0.006538
-0.007626
-0.008082
-0.007831
-0.008124
-0.008057
-0.008645
-0.00869
-0.008504
-0.007967
-0.006963
-0.006236
-0.005673
-0.005139
-0.00559
-0.004123
-0.004264
-0.004052
-0.004679
-0.004181
-0.003235
-0.006014
-0.006876
-0.00603
-0.006265
-0.00659
-0.006979
-0.006825
-0.006214
-0.004904
-0.004859
-0.003373
-0.003882
-0.003991
-0.003084
-0.001794
-0.002067
-0.003415
-0.003267
-0.001849
-0.003489
-0.003727
-0.003853
-0.004509
-0.00366
-0.00439
-0.0042
-0.005236
-0.004966
-0.004625
-0.002894
-0.002206
-0.001504
-0.001762
-0.000755
-0.000639
-0.000295
0.0004
-0.00015
-0.000758
-0.000839
-0.001357
-0.002566
-0.002241
-0.002338
-0.002009
-0.002354
-0.003312
-0.001948
-0.001665
-0.001328
-0.00052
0.000811
3.95E-05
0.000448
0.0016
0.001596
0.001992
0.000972
0.001207
0.001288
0.000281
0.00013
0.00031
-0.00035
-0.001019
-0.00098
-0.000964
-0.000366
0.000522
0.000892
0.00186
