0.105336
0.105336
-0.000755
-0.000604
-0.000852
-0.000427
0.0003
0.000622
0.000889
0.001207
0.002179
0.002764
0.002886
0.003234
0.105336
0.105336
0.105336
0.105336
0.105336
0.105336
0.105336
0.105336
0.001345
0.001278
0.000815
0.00121
0.001957
0.001963
0.002027
0.003558
0.0037
0.003813
0.00425
0.004623
0.105336
0.105336
0.105336
0.105336
0.105336
0.105336
0.105336
0.105336
0.002182
0.002288
0.001747
0.002783
0.003401
0.003517
0.003822
0.00371
0.004794
0.005952
0.00573
0.006264
0.105336
0.105336
0.105336
0.105336
0.105336
0.105336
0.105336
0.105336
0.004482
0.00342
0.003459
0.005093
0.0038
0.0049
0.005636
0.005546
0.005488
0.008255
0.006849
0.007431
0.105336
0.105336
0.105336
0.105336
0.105336
0.105336
0.105336
0.105336
0.004736
0.003333
0.004266
0.004562
0.005051
0.005829
0.005778
0.006798
0.00681
0.008091
0.008097
0.008155
0.105336
0.105336
0.105336
0.105336
0.105336
0.105336
0.105336
0.105336
0.005353
0.005611
0.004826
0.005492
0.0061
0.006875
0.007251
0.007608
0.008515
0.009078
0.009149
0.009294
0.105336
0.105336
0.105336
0.105336
0.105336
0.105336
0.105336
0.105336
0.006289
0.006157
0.006913
0.006695
0.006762
0.007602
0.007093
0.008779
0.008985
0.009657
0.010316
0.009335
0.105336
0.105336
0.105336
0.105336
0.105336
0.105336
0.105336
0.105336
0.008091
0.007064
0.007087
0.006624
0.007795
0.008448
0.008499
0.009577
0.009834
0.010558
0.010455
0.01067
0.105336
0.105336
0.105336
0.105336
0.105336
0.105336
0.105336
0.105336
0.008222
0.008136
0.007904
0.007991
0.008747
0.00885
0.008904
0.010249
0.010329
0.011043
0.011365
0.011831
0.105336
0.105336
0.105336
0.105336
0.105336
0.105336
0.105336
0.105336
0.00802
0.008197
0.008628
0.008978
0.008486
0.00929
0.009988
0.011014
0.011092
0.010921
0.011831
0.011539
0.105336
0.105336
0.105336
0.105336
0.105336
0.105336
0.105336
0.105336
0.008866
0.009306
0.007988
0.009056
0.009409
0.009229
0.010738
0.010439
0.011301
0.012008
0.011828
0.011918
0.105336
0.105336
0.105336
0.105336
0.105336
0.105336
0.105336
0.105336
0.009175
0.008335
0.00829
0.00921
0.009329
0.009448
0.010384
0.011819
0.011182
0.01243
0.012234
0.012304
0.105336
0.105336
0.105336
0.105336
0.105336
0.105336
0.105336
0.105336
0.009133
0.008914
0.008795
0.008837
0.00958
0.010355
0.010246
0.011047
0.01142
0.01206
0.012488
0.012279
0.105336
0.105336
0.105336
0.105336
0.105336
0.105336
0.105336
0.105336
0.008335
0.008306
0.008872
0.00893
0.008969
0.010297
0.010287
0.010883
0.011655
0.011645
0.012102
0.012237
0.105336
0.105336
0.105336
0.105336
0.105336
0.105336
0.105336
0.105336
0.008859
0.008451
0.008522
0.009239
0.009493
0.010152
0.009277
0.010268
0.010181
0.011626
0.011947
0.012163
0.105336
0.105336
0.105336
0.105336
0.105336
0.105336
0.105336
0.105336
0.00837
0.008255
0.007814
0.00867
0.008348
0.008975
0.00993
0.010249
0.010094
0.010561
0.01113
0.011658
0.105336
0.105336
0.105336
0.105336
0.105336
0.105336
0.105336
0.105336
0.007721
0.007801
0.008165
0.008953
0.007608
0.007618
0.008573
0.01021
0.009438
0.010452
0.010712
0.011519
0.105336
0.105336
0.105336
0.105336
0.105336
0.105336
0.105336
0.105336
0.007029
0.007167
0.007389
0.007158
0.007409
0.007782
0.007254
0.008354
0.008801
0.009139
0.009847
0.01012
0.105336
0.105336
0.105336
0.105336
0.105336
0.105336
0.105336
0.105336
0.005894
0.005974
0.006241
0.005714
0.006366
0.006717
0.006962
0.00736
0.007901
0.009158
0.007296
0.009101
0.105336
0.105336
0.105336
0.105336
0.105336
0.105336
0.105336
0.105336
0.005022
0.004543
0.004112
0.005546
0.005804
0.005408
0.006164
0.00683
0.007428
0.007843
0.007727
0.007817
0.105336
0.105336
0.105336
0.105336
0.105336
0.105336
0.105336
0.105336
0.004437
0.004176
0.003796
0.004623
0.00425
0.005073
0.005418
0.00553
0.006038
0.006585
0.006939
0.008255
0.105336
0.105336
0.105336
0.105336
0.105336
0.105336
0.105336
0.105336
0.002661
0.002867
0.0026
0.002848
0.003433
0.00341
0.004292
0.004408
0.00517
0.005553
0.006016
0.006418
0.105336
0.105336
0.105336
0.105336
0.105336
0.105336
0.105336
0.105336
0.002214
0.00223
0.001278
0.001487
0.002076
0.002121
0.002587
0.003365
0.004076
0.004192
0.004224
0.004694
0.105336
0.105336
0.105336
0.105336
0.105336
0.105336
0.105336
0.105336
0.000329
0.000274
-2.33E-06
0.000162
0.000191
0.000355
0.000779
0.001857
0.003095
0.003304
0.003301
0.003205
0.105336
0.105336
0.105336
0.105336
0.105336
0.105336
0.105336
0.105336
-0.00089
-0.00127
-0.000539
-0.000639
0.00031
-0.000459
-0.000453
0.000976
0.00094
0.001371
0.002391
0.001336
0.105336
0.105336
0.105336
0.105336
0.105336
0.105336
0.105336
0.105336
-0.002537
-0.001482
-0.002727
-0.00244
-0.002633
-0.000993
-0.001202
-0.000755
-0.000363
-0.001315
-0.000186
-0.000527
0.105336
0.105336
0.105336
0.105336
0.105336
0.105336
0.105336
0.105336
-0.003409
-0.004042
-0.004551
-0.003882
-0.002727
-0.002798
-0.003309
-0.002498
-0.001595
-0.000742
-0.000813
-0.000971
0.105336
0.105336
0.105336
0.105336
0.105336
0.105336
0.105336
0.105336
-0.00612
-0.005216
-0.004409
-0.004953
-0.003798
-0.00494
-0.003563
-0.003212
-0.002762
-0.002569
-0.002212
-0.002363
0.105336
0.105336
0.105336
0.105336
0.105336
0.105336
0.105336
0.105336
-0.006651
-0.006101
-0.006091
-0.006738
-0.005795
-0.006532
-0.005763
-0.004824
-0.004403
-0.003804
-0.003914
-0.003126
0.105336
0.105336
0.105336
0.105336
0.105336
0.105336
0.105336
0.105336
-0.008317
-0.007806
-0.007748
-0.007626
-0.006805
-0.007162
-0.006442
-0.006011
-0.006445
-0.004908
-0.004052
-0.004451
0.105336
0.105336
0.105336
0.105336
0.105336
0.105336
0.105336
0.105336
-0.008472
-0.008838
-0.008874
-0.009231
-0.007967
-0.007638
-0.008037
-0.006477
-0.006474
-0.005837
-0.005837
-0.005721
0.105336
0.105336
0.105336
0.105336
0.105336
0.105336
0.105336
0.105336
-0.010347
-0.009639
-0.009379
-0.010122
-0.009141
-0.009166
-0.009272
-0.008372
-0.007346
-0.006654
-0.006429
-0.005606
0.105336
0.105336
0.105336
0.105336
0.105336
0.105336
0.105336
0.105336
-0.010504
-0.010459
-0.010395
-0.011019
-0.009749
-0.009787
-0.010122
-0.009231
-0.00814
-0.007593
-0.007822
-0.007703
0.105336
0.105336
0.105336
0.105336
0.105336
0.105336
0.105336
0.105336
-0.011334
-0.011601
-0.011366
-0.011923
-0.010559
-0.011485
-0.010987
-0.008771
-0.009247
-0.007986
-0.008359
-0.008156
0.105336
0.105336
0.105336
0.105336
0.105336
0.105336
0.105336
0.105336
-0.012518
-0.011714
-0.012148
-0.011366
-0.011312
-0.010652
-0.011035
-0.010186
-0.009424
-0.008957
-0.009494
-0.008748
0.105336
0.105336
0.105336
0.105336
0.105336
0.105336
0.105336
0.105336
-0.011942
-0.011769
-0.012077
-0.012229
-0.011579
-0.012019
-0.011302
-0.01007
-0.010315
-0.00907
-0.010443
-0.009266
0.105336
0.105336
0.105336
0.105336
0.105336
0.105336
0.105336
0.105336
-0.012367
-0.012927
-0.01264
-0.01136
-0.012245
-0.011331
-0.011225
-0.010704
-0.009777
-0.009012
-0.008825
-0.00898
0.105336
0.105336
0.105336
0.105336
0.105336
0.105336
0.105336
0.105336
-0.012113
-0.012701
-0.012161
-0.012425
-0.011917
-0.011225
-0.011772
-0.010781
-0.010521
-0.009745
-0.009176
-0.009437
0.105336
0.105336
0.105336
0.105336
0.105336
0.105336
0.105336
0.105336
-0.013615
-0.013123
-0.012814
-0.013004
-0.012174
-0.011897
-0.011781
-0.010804
-0.009662
-0.009015
-0.009404
-0.009411
0.105336
0.105336
0.105336
0.105336
0.105336
0.105336
0.105336
0.105336
-0.011675
-0.012277
-0.012277
-0.01229
-0.01211
-0.011293
-0.010778
-0.010241
-0.009256
-0.008658
-0.008784
-0.008491
0.105336
0.105336
0.105336
0.105336
0.105336
0.105336
0.105336
0.105336
-0.011363
-0.011717
-0.011794
-0.011341
-0.011437
-0.01089
-0.010163
-0.009289
-0.009108
-0.00825
-0.007439
-0.007803
0.105336
0.105336
0.105336
0.105336
0.105336
0.105336
0.105336
0.105336
-0.010736
-0.010948
-0.011457
-0.01072
-0.011325
-0.010009
-0.010318
-0.009096
-0.008751
-0.00814
-0.007082
-0.008275
0.105336
0.105336
0.105336
0.105336
0.105336
0.105336
0.105336
0.105336
-0.010237
-0.01036
-0.010154
-0.01007
-0.009623
-0.009552
-0.008359
-0.00834
-0.008024
-0.007462
-0.007018
-0.006616
0.105336
0.105336
0.105336
0.105336
0.105336
0.105336
0.105336
0.105336
-0.008652
-0.009356
-0.009813
-0.01025
-0.00908
-0.008446
-0.007761
-0.007491
-0.00529
-0.006046
-0.006082
-0.005097
0.105336
0.105336
0.105336
0.105336
0.105336
0.105336
0.105336
0.105336
-0.008102
-0.008658
-0.008484
-0.007626
-0.007957
-0.007146
-0.007343
-0.006554
-0.00568
-0.004779
-0.00492
-0.004557
0.105336
0.105336
0.105336
0.105336
0.105336
0.105336
0.105336
0.105336
-0.007613
-0.007146
-0.006587
-0.007378
-0.005856
-0.006497
-0.005657
-0.0052
-0.004493
-0.003229
-0.00337
-0.004029
0.105336
0.105336
0.105336
0.105336
0.105336
0.105336
0.105336
0.105336
-0.006066
-0.006548
-0.005657
-0.005705
-0.006487
-0.004773
-0.004226
-0.003229
-0.003955
-0.002955
-0.002283
-0.0018
0.105336
0.105336
0.105336
0.105336
0.105336
0.105336
0.105336
0.105336
-0.004071
-0.004493
-0.005142
-0.004444
-0.005142
-0.003859
-0.003138
-0.001964
-0.001411
-0.001466
-0.000649
-0.001019
0.105336
0.105336
0.105336
0.105336
0.105336
0.105336
0.105336
0.105336
-0.003341
-0.00366
-0.003643
-0.002659
-0.002852
-0.002241
-0.002145
-0.001836
-0.000466
0.000551
0.000216
0.000577
0.105336
0.105336
0.105336
0.105336
0.105336
0.105336
0.105336
0.105336
-0.001032
-0.001649
-0.002707
-0.002392
-0.001601
-0.001453
-0.000163
0.000113
0.000734
0.001519
0.001078
0.00222
0.105336
0.105336
0.105336
0.105336
0.105336
0.105336
