0.002767
0.002413
0.002635
0.001924
6.20E-05
0.000471
0.000113
-0.000562
-0.000298
-0.000871
-0.001022
-0.000385
0.00048
-0.000732
0.00029
0.000934
0.001554
0.002014
0.001744
0.00277
0.003031
0.003439
0.00277
0.002867
0.002005
0.000737
-0.000244
0.000229
-8.60E-05
0.000512
-7.63E-05
-0.00025
3.63E-05
0.000602
0.000358
0.002162
0.002114
0.002169
0.002452
0.003336
0.003771
0.003513
0.003491
0.003021
0.003118
0.002741
0.001149
0.000966
0.001275
0.001368
0.000274
0.001078
0.000873
0.003124
0.001503
0.002458
0.003472
0.003301
0.003513
0.003767
0.003925
0.004205
0.004173
0.003742
0.003481
0.002581
0.002603
0.001001
0.001645
0.000824
0.00195
0.001384
0.002536
0.002854
0.002507
0.003105
0.003497
0.003848
0.004356
0.004282
0.00518
0.004951
0.004903
0.004221
0.003973
0.003385
0.003262
0.002269
0.002159
0.002236
0.001648
0.002436
0.002851
0.002667
0.00324
0.003932
0.003343
0.003896
0.005106
0.005495
0.005807
0.005475
0.006029
0.004893
0.004292
0.003677
0.003414
0.00396
0.00279
0.003198
0.00194
0.002478
0.003028
0.004038
0.002809
0.004224
0.005022
0.005289
0.005527
0.00581
0.005871
0.006492
0.005746
0.004343
0.005315
0.004501
0.004247
0.00388
0.003224
0.002851
0.003436
0.001899
0.002577
0.00408
0.00442
0.005247
0.005376
0.005389
0.006
0.006276
0.006884
0.007444
0.006283
0.005546
0.005524
0.004948
0.003957
0.004231
0.003282
0.00388
0.004089
0.003665
0.002854
0.003529
0.004372
0.005051
0.005726
0.005424
0.006116
0.007512
0.007878
0.007364
0.006897
0.006334
0.00608
0.004199
0.00425
0.004877
0.003999
0.004691
0.003677
0.003822
0.004285
0.004806
0.003951
0.005398
0.006395
0.005897
0.007444
0.007373
0.00665
0.007306
0.007393
0.007688
0.007672
0.006026
0.004848
0.005263
0.004675
0.003143
0.005295
0.004086
0.005163
0.005131
0.005537
0.006064
0.006045
0.005681
0.006984
0.007122
0.008673
0.007496
0.007007
0.006293
0.006917
0.006331
0.004942
0.006222
0.004839
0.004128
0.004385
0.004851
0.00489
0.005254
0.004893
0.005881
0.006585
0.006383
0.006981
0.007708
0.008255
0.0082
0.007589
0.006678
0.007019
0.005443
0.005167
0.005144
0.005057
0.004755
0.004507
0.004321
0.004797
0.005141
0.005607
0.006588
0.006048
0.006325
0.006875
0.007721
0.006666
0.007653
0.005283
0.006437
0.006193
0.006096
0.005791
0.005199
0.005093
0.004803
0.004768
0.003658
0.005073
0.004646
0.005331
0.005987
0.007119
0.006395
0.007473
0.007981
0.007351
0.007997
0.007553
0.006601
0.006035
0.005668
0.005855
0.00535
0.004517
0.004353
0.003925
0.003893
0.004176
0.00543
0.005533
0.006013
0.006116
0.006354
0.007026
0.007836
0.008148
0.007447
0.007476
0.006843
0.005897
0.0059
0.005768
0.005311
0.004253
0.003899
0.003838
0.004247
0.004893
0.004996
0.005379
0.005595
0.006267
0.00672
0.007348
0.007524
0.007563
0.007878
0.006675
0.00674
0.00564
0.005865
0.004781
0.005073
0.004125
0.003648
0.004153
0.004141
0.003655
0.004437
0.004375
0.005784
0.005717
0.005868
0.006434
0.006888
0.007145
0.00691
0.006669
0.006514
0.006421
0.005492
0.005032
0.003356
0.003079
0.003739
0.003394
0.003526
0.003462
0.003967
0.00416
0.005765
0.005344
0.006389
0.006502
0.006479
0.006334
0.00663
0.006035
0.006045
0.005048
0.004765
0.003796
0.00371
0.003385
0.003372
0.002815
0.003163
0.003359
0.003681
0.003591
0.004671
0.00507
0.005212
0.006164
0.006003
0.006276
0.005955
0.005987
0.005958
0.005173
0.004321
0.003526
0.003002
0.002999
0.00251
0.00278
0.002864
0.003346
0.003153
0.003189
0.003407
0.003681
0.004935
0.004839
0.005652
0.005794
0.005971
0.00526
0.004134
0.004726
0.004189
0.003517
0.003359
0.00223
0.00205
0.002034
0.002796
0.001593
0.003205
0.00295
0.004092
0.004051
0.004131
0.004546
0.005209
0.00527
0.005646
0.004527
0.004633
0.003954
0.002963
0.002326
0.002021
0.00195
0.001583
0.002651
0.001641
0.001442
0.002159
0.002153
0.00224
0.00396
0.003529
0.004456
0.004433
0.004465
0.004266
0.003652
0.003333
0.003658
0.002008
0.001641
0.001326
0.001075
0.001242
0.00077
0.00131
0.00159
0.001152
0.001172
0.001535
0.002889
0.003224
0.003433
0.003221
0.0036
0.004015
0.003163
0.002133
0.002693
0.00215
0.000741
0.000654
0.000159
0.000522
-0.000536
-0.000256
0.0002
-0.000601
0.00021
0.00122
0.001937
0.002513
0.002902
0.003285
0.002899
0.00306
0.003189
0.002166
0.001892
0.001091
0.00031
0.000155
-0.001357
-0.000556
-0.00126
-0.001112
-0.000382
-0.000414
-0.000282
0.000117
0.000934
0.001545
0.002349
0.001912
0.002166
0.002439
0.001461
0.001966
0.001172
0.000721
-0.000301
-0.00089
-0.000954
-0.002312
-0.000977
-0.0019
-0.001373
-0.001138
-0.000839
-0.000144
0.000245
0.000902
0.001027
0.001635
0.001162
0.001281
0.00123
0.000477
-0.000189
-0.000543
-0.000971
-0.001357
-0.001816
-0.001935
-0.002379
-0.002186
-0.001881
-0.002305
-0.002405
-0.001218
-0.000218
0.000123
0.000261
0.001204
0.000811
0.000573
0.000892
0.000506
-0.00108
-0.000839
-0.002009
-0.001948
-0.00236
-0.003457
-0.002907
-0.002875
-0.002238
-0.002408
-0.002055
-0.001164
-0.001569
-0.000594
-0.000466
-0.000321
0.000194
-0.000568
-9.88E-05
-0.000755
-0.001456
-0.001916
-0.002891
-0.002498
-0.003717
-0.003917
-0.004187
-0.003521
-0.003145
-0.003415
-0.003286
-0.002286
-0.002502
-0.002212
-0.001118
-0.000514
-0.001192
-0.001685
-0.001266
-0.001511
-0.001907
-0.002312
-0.003743
-0.003524
-0.004975
-0.004245
-0.004139
-0.004641
-0.005448
-0.004441
-0.004068
-0.003203
-0.002167
-0.001865
-0.001746
-0.00189
-0.001675
-0.001189
-0.002109
-0.002225
-0.003048
-0.003357
-0.004245
-0.003798
-0.004904
-0.005464
-0.005181
-0.005885
-0.004766
-0.005081
-0.004287
-0.003672
-0.003338
-0.002672
-0.002772
-0.002437
-0.00134
-0.002482
-0.001807
-0.002145
-0.004226
-0.003875
-0.00549
-0.005422
-0.005232
-0.005458
-0.00614
-0.005866
-0.00557
-0.005828
-0.005187
-0.004904
-0.004013
-0.003312
-0.003084
-0.003039
-0.002746
-0.002984
-0.003116
-0.003422
-0.004496
-0.00476
-0.005692
-0.004702
-0.006657
-0.005953
-0.005593
-0.006834
-0.006625
-0.005709
-0.005902
-0.004731
-0.004142
-0.003917
-0.003779
-0.003685
-0.003203
-0.003348
-0.003769
-0.004017
-0.003508
-0.004798
-0.006265
-0.006236
-0.006538
-0.006812
-0.006439
-0.007201
-0.006609
-0.006702
-0.006197
-0.005339
-0.004441
-0.004387
-0.003875
-0.003148
-0.003705
-0.003505
-0.004718
-0.004473
-0.00438
-0.005175
-0.005976
-0.005525
-0.007259
-0.007031
-0.007288
-0.00786
-0.007433
-0.007034
-0.006683
-0.006033
-0.005516
-0.005036
-0.004937
-0.004313
-0.00364
-0.003598
-0.00345
-0.004879
-0.005113
-0.005902
-0.006757
-0.006609
-0.007024
-0.00694
-0.007471
-0.007465
-0.007693
-0.007368
-0.006471
-0.006336
-0.004933
-0.005088
-0.005056
-0.004171
-0.00428
-0.003563
-0.004949
-0.005097
-0.00566
-0.006461
-0.0066
-0.007362
-0.007105
-0.0077
-0.007597
-0.008198
-0.007204
-0.006751
-0.006986
-0.006461
-0.005853
-0.005532
-0.004962
-0.0052
-0.004875
-0.004136
-0.004776
-0.004441
-0.005734
-0.005734
-0.006725
-0.007098
-0.007629
-0.007214
-0.007613
-0.008185
-0.008237
-0.00778
-0.006545
-0.005815
-0.005384
-0.005397
-0.003827
-0.004303
-0.00421
-0.004171
-0.005323
-0.0054
-0.005319
-0.005818
-0.005802
-0.007343
-0.007815
-0.007426
-0.008137
-0.008234
-0.007298
-0.006693
-0.00631
-0.006236
-0.005808
-0.004966
-0.004666
-0.004792
-0.005072
-0.003746
-0.00511
-0.005081
-0.005963
-0.00603
-0.006304
-0.006776
-0.007101
-0.007934
-0.006966
-0.007632
-0.007124
-0.006776
-0.006831
-0.006374
-0.004953
-0.005419
-0.004489
-0.003518
-0.004036
-0.004512
-0.004239
-0.00447
-0.004991
-0.005461
-0.006503
-0.006648
-0.00723
-0.007008
-0.007928
-0.008262
-0.008301
-0.007729
-0.006677
-0.005448
-0.00467
-0.004612
-0.004039
-0.004219
-0.003425
-0.003872
-0.004554
-0.004161
-0.005011
-0.005104
-0.005123
-0.006989
-0.007581
-0.007262
-0.008719
-0.007002
-0.006423
-0.007034
-0.00659
-0.005429
-0.004679
-0.004785
-0.004499
-0.004113
-0.003631
-0.003689
-0.004248
-0.004531
-0.004682
-0.006387
-0.006413
-0.006085
-0.006509
-0.004769
-0.007439
-0.007638
-0.005577
-0.005612
-0.006008
-0.004859
-0.004692
-0.004364
-0.004113
-0.003795
-0.003045
-0.003071
-0.003418
-0.003315
-0.004242
-0.004377
-0.00575
-0.005509
-0.006407
-0.005374
-0.006448
-0.006307
-0.006403
-0.005139
-0.005326
-0.005043
-0.004425
-0.003888
-0.002936
-0.002373
-0.002112
-0.003335
-0.003367
-0.003592
-0.003611
-0.004387
-0.005548
-0.00484
-0.005548
-0.005516
-0.006445
-0.006574
-0.005651
-0.005281
-0.00493
-0.004277
-0.00375
-0.002363
-0.002949
-0.002241
-0.001952
-0.001865
-0.002379
-0.002952
-0.002939
-0.004287
-0.004216
-0.00465
-0.004602
-0.005323
-0.004573
-0.005725
-0.005335
-0.003756
-0.004284
-0.003576
-0.004255
-0.002756
-0.002473
-0.000842
-0.001585
-0.000852
-0.0018
-0.002058
-0.002032
-0.003328
-0.002495
-0.003492
-0.004271
-0.003656
-0.005027
-0.004744
-0.003779
-0.003676
-0.003669
-0.003235
-0.001521
-0.002138
-0.000707
-0.001447
-0.000588
0.000165
-0.000636
-0.001347
-0.001376
-0.002605
-0.003814
-0.003299
-0.003663
-0.004113
-0.004692
-0.003763
-0.003486
-0.003161
-0.003634
-0.00255
-0.00208
-0.001228
-0.000723
0.000512
-0.000292
-0.000199
-0.000475
-0.00118
-0.00135
-0.001649
-0.002338
-0.001704
-0.002743
-0.00355
-0.003113
-0.003196
-0.003306
-0.002778
-0.002164
-0.002022
-0.00145
-0.000173
0.000419
0.000519
0.001017
0.000927
0.000715
-0.000263
-0.000687
-0.000269
-0.000211
-0.001997
-0.002395
-0.002373
-0.002695
-0.002177
-0.002225
-0.00135
-0.000829
-0.000501
-0.000395
0.000181
0.001024
0.001349
0.000615
0.00196
0.001271
0.000799
0.000799
-0.000247
-0.000501
-0.001061
-0.001717
-0.00118
-0.00162
-0.002859
-0.001524
-0.000749
-0.000189
0.000155
0.001127
0.000522
0.001352
0.001757
