-0.000192
-0.000363
4.91E-05
-0.001572
-0.001006
-0.000774
-0.001106
-0.000752
-0.000482
-0.00024
0.000342
0.001133
0.001419
0.001413
0.002098
0.002474
0.003224
0.001879
0.001625
0.001603
0.000287
0.000139
0.000133
0.000789
-0.000935
-0.000591
-0.000861
0.000194
-2.81E-05
0.00012
0.000342
0.001809
0.001452
0.002719
0.003407
0.003153
0.002996
0.002333
0.002227
0.002172
0.001165
0.000728
0.000892
-0.000475
-0.000478
-0.000819
-0.001308
-2.16E-05
0.000249
0.001448
0.001368
0.002577
0.00215
0.003613
0.002571
0.003439
0.003134
0.002667
0.002201
0.002677
0.000979
0.001049
0.000969
0.000873
0.000432
0.000281
0.000815
0.001027
0.000638
0.000593
0.001966
0.00278
0.002429
0.002786
0.004166
0.004427
0.004096
0.004292
0.003854
0.003967
0.002079
0.001307
0.001304
0.002043
0.000927
0.000747
0.000329
0.001461
0.001526
0.001535
0.002626
0.003108
0.003755
0.003436
0.003919
0.00408
0.004199
0.00307
0.003526
0.003774
0.002146
0.002224
0.002127
0.001474
0.001214
0.001455
0.001506
0.001027
0.001291
0.002397
0.002442
0.00361
0.003562
0.003813
0.003533
0.004453
0.003706
0.004485
0.003748
0.00362
0.002915
0.002056
0.002269
0.001712
0.001603
0.001214
0.001847
0.001426
0.001912
0.002593
0.002632
0.00371
0.004404
0.004433
0.004498
0.005733
0.005263
0.004034
0.004327
0.003719
0.003951
0.0025
0.002552
0.002063
0.002066
0.001693
0.002037
0.002101
0.002719
0.003295
0.002079
0.003777
0.00434
0.004491
0.005157
0.006257
0.005614
0.005427
0.004819
0.00369
0.002745
0.002207
0.001812
0.002008
0.001474
0.001892
0.001764
0.001747
0.002359
0.002291
0.00324
0.004041
0.004449
0.004658
0.005135
0.005141
0.005048
0.005427
0.004585
0.004372
0.003603
0.002487
0.002536
0.002092
0.001879
0.001603
0.001616
0.002642
0.002452
0.00316
0.003478
0.0037
0.005266
0.005295
0.004781
0.005427
0.005553
0.004649
0.005244
0.004427
0.003484
0.003195
0.003262
0.0025
0.001937
0.002175
0.001712
0.002146
0.002301
0.002899
0.003665
0.004179
0.004639
0.005376
0.005559
0.005726
0.005106
0.005492
0.005125
0.004478
0.004192
0.003407
0.002877
0.002458
0.002127
0.002941
0.002404
0.002143
0.002651
0.002445
0.002613
0.004153
0.004546
0.004916
0.005302
0.005334
0.005218
0.005964
0.004475
0.004565
0.004411
0.003295
0.002902
0.002838
0.00279
0.002719
0.002124
0.002732
0.002992
0.003488
0.003806
0.004314
0.00518
0.005321
0.00534
0.005977
0.005389
0.00508
0.004851
0.004527
0.003919
0.003597
0.002803
0.002616
0.002491
0.002854
0.002593
0.002114
0.002671
0.003436
0.003607
0.004157
0.005061
0.004514
0.004636
0.005456
0.005356
0.005012
0.005003
0.003986
0.00408
0.003816
0.002973
0.002835
0.00178
0.001834
0.003053
0.002648
0.002188
0.002841
0.004301
0.004343
0.004472
0.004478
0.005627
0.005411
0.005482
0.005511
0.004999
0.004507
0.003353
0.002873
0.003195
0.002323
0.001982
0.002288
0.001982
0.002542
0.002468
0.0025
0.002774
0.0047
0.004716
0.004723
0.005299
0.005421
0.005459
0.005369
0.004475
0.003346
0.002806
0.002629
0.00232
0.002204
0.001567
0.001201
0.002053
0.002497
0.002613
0.002613
0.002844
0.004153
0.004594
0.003983
0.00517
0.004594
0.004922
0.003919
0.004633
0.003861
0.003185
0.002783
0.002092
0.00231
0.001435
0.001442
0.001361
0.001895
0.002491
0.002333
0.003336
0.003336
0.00407
0.004263
0.004578
0.005286
0.004893
0.004552
0.003935
0.003726
0.00242
0.001725
0.001863
0.001329
0.001001
0.001381
0.000918
0.000766
0.001838
0.002105
0.0026
0.003764
0.002777
0.003407
0.004893
0.004153
0.004314
0.00362
0.003584
0.002925
0.002757
0.001773
0.002214
0.001902
0.001316
0.000667
0.000805
0.001004
0.001397
0.001747
0.002031
0.002809
0.003015
0.003102
0.003629
0.003944
0.00435
0.003648
0.00325
0.002751
0.002333
0.001645
0.001146
0.001416
0.001127
0.000654
0.000326
0.00039
0.00167
0.0013
0.002445
0.002471
0.00279
0.002667
0.003147
0.003449
0.003623
0.003613
0.002745
0.002378
0.001905
0.001503
0.000191
0.000673
0.000438
0.000335
0.000184
0.000747
0.001066
0.000828
0.001786
0.001699
0.002285
0.002548
0.002346
0.003327
0.003015
0.003217
0.002587
0.001474
0.001497
0.000461
0.000429
0.00031
-0.001279
-1.20E-05
-0.0008
0.000583
-0.00026
0.000718
0.00132
0.001445
0.001735
0.002301
0.002465
0.002281
0.002651
0.002047
0.00176
0.001722
0.000628
-7.63E-05
-0.000115
-0.000897
-0.000855
-0.000668
-0.001012
-0.000591
-0.00024
-0.000157
0.000696
0.000844
0.001551
0.001889
0.001178
0.001538
0.002413
0.001011
0.000828
0.000834
-6.02E-05
4.59E-05
-0.000932
-0.001221
-0.001726
-0.001569
-0.001125
-0.001144
-0.001093
-0.000713
-0.000263
0.001175
0.000483
0.001484
0.001284
0.001468
0.001793
0.00038
0.001374
0.000467
4.91E-05
-0.000253
-0.001228
-0.001813
-0.001456
-0.001977
-0.002293
-0.001939
-0.00135
-0.001144
-0.000829
-0.000298
0.000265
0.000528
0.00103
0.001403
0.000712
0.000882
0.00038
0.000252
-0.000125
-0.001209
-0.001816
-0.001816
-0.002878
-0.002521
-0.002151
-0.002096
-0.001862
-0.002161
-0.000848
-0.00062
-0.000199
0.000184
0.001773
0.000635
0.000786
2.34E-05
5.24E-05
-0.000861
-0.001582
-0.001794
-0.001984
-0.003196
-0.00337
-0.003077
-0.002894
-0.003003
-0.002833
-0.002247
-0.001958
-0.002514
-0.001151
-0.000414
-0.000385
-3.13E-05
-0.000594
-0.000758
-0.000482
-0.000732
-0.000948
-0.002
-0.002437
-0.002913
-0.003824
-0.003212
-0.003354
-0.002949
-0.002997
-0.003132
-0.001598
-0.002251
-0.001321
-0.000861
-0.000334
-0.000369
-0.000417
-0.001299
-0.001392
-0.001469
-0.00235
-0.003312
-0.002955
-0.004165
-0.003476
-0.003399
-0.004068
-0.003814
-0.003039
-0.00319
-0.002756
-0.001742
-0.001881
-0.001125
-0.001186
-0.000858
-0.001115
-0.00154
-0.002032
-0.001656
-0.002743
-0.003171
-0.003019
-0.004026
-0.004181
-0.005097
-0.004023
-0.004222
-0.003894
-0.003872
-0.002772
-0.002264
-0.001578
-0.001672
-0.001575
-0.001061
-0.001067
-0.000999
-0.002074
-0.001884
-0.002669
-0.002984
-0.003779
-0.004605
-0.004795
-0.005255
-0.004358
-0.004798
-0.00429
-0.004255
-0.002666
-0.002807
-0.002083
-0.001981
-0.001714
-0.00143
-0.001424
-0.001228
-0.002553
-0.002167
-0.003106
-0.003746
-0.00373
-0.004875
-0.004682
-0.004962
-0.005351
-0.005014
-0.004621
-0.004518
-0.003656
-0.003463
-0.002219
-0.002061
-0.001839
-0.001617
-0.001363
-0.001775
-0.001572
-0.002238
-0.002897
-0.00373
-0.004338
-0.00538
-0.005779
-0.006326
-0.005271
-0.004795
-0.004309
-0.004576
-0.004097
-0.003084
-0.003235
-0.002733
-0.002148
-0.001881
-0.001321
-0.002383
-0.002917
-0.003103
-0.004168
-0.004715
-0.005043
-0.005429
-0.005924
-0.006333
-0.005464
-0.005384
-0.00511
-0.004531
-0.004348
-0.003763
-0.002608
-0.002514
-0.001604
-0.001868
-0.00217
-0.002531
-0.00274
-0.003473
-0.002199
-0.004621
-0.005049
-0.005313
-0.006297
-0.005635
-0.006004
-0.005374
-0.005416
-0.0053
-0.004554
-0.003859
-0.003171
-0.003007
-0.002473
-0.002498
-0.001398
-0.002872
-0.002759
-0.004274
-0.003685
-0.004303
-0.004975
-0.005348
-0.006509
-0.005625
-0.005831
-0.00438
-0.005409
-0.005416
-0.004136
-0.003338
-0.003167
-0.002601
-0.002791
-0.002328
-0.002125
-0.003364
-0.002746
-0.003586
-0.00347
-0.005364
-0.004982
-0.007185
-0.004268
-0.005728
-0.005406
-0.005094
-0.00483
-0.005705
-0.004747
-0.003068
-0.003508
-0.002685
-0.002691
-0.002598
-0.002222
-0.002524
-0.00356
-0.0032
-0.004268
-0.004325
-0.004412
-0.00529
-0.005564
-0.005667
-0.005673
-0.004753
-0.00502
-0.004206
-0.005409
-0.004132
-0.002843
-0.002955
-0.002881
-0.002251
-0.002537
-0.002572
-0.002762
-0.003505
-0.003335
-0.004647
-0.004383
-0.005734
-0.005943
-0.005631
-0.005258
-0.005577
-0.005403
-0.00475
-0.00485
-0.002244
-0.004354
-0.002601
-0.00264
-0.002267
-0.002077
-0.003071
-0.003235
-0.003917
-0.003479
-0.005107
-0.004776
-0.005223
-0.00512
-0.005397
-0.005368
-0.005332
-0.005287
-0.004554
-0.003566
-0.003692
-0.002971
-0.001575
-0.00181
-0.002199
-0.001852
-0.002611
-0.00236
-0.002933
-0.003283
-0.003701
-0.004875
-0.005303
-0.004367
-0.00522
-0.005384
-0.004875
-0.004811
-0.00419
-0.003734
-0.003521
-0.001408
-0.001643
-0.001559
-0.001443
-0.001652
-0.001993
-0.002087
-0.001919
-0.003293
-0.003936
-0.003598
-0.004364
-0.005506
-0.005023
-0.004898
-0.005088
-0.004194
-0.003988
-0.00311
-0.002527
-0.001919
-0.002051
-0.001688
-0.002067
-0.00125
-0.002225
-0.001855
-0.002373
-0.002894
-0.003164
-0.004165
-0.004679
-0.004563
-0.00484
-0.004425
-0.005091
-0.003878
-0.004068
-0.003676
-0.002321
-0.001749
-0.001514
-0.001157
-0.002055
-0.000684
-0.001186
-0.001646
-0.001537
-0.001762
-0.003518
-0.004042
-0.003849
-0.004361
-0.005007
-0.00329
-0.003853
-0.002733
-0.002987
-0.003354
-0.001842
-0.001707
-0.001273
-0.001424
-0.00072
-0.000909
0.000329
-0.000324
-0.001804
-0.001813
-0.002202
-0.003274
-0.003984
-0.003489
-0.003499
-0.003901
-0.003415
-0.002836
-0.00336
-0.002691
-0.00164
-0.001379
-0.000449
-4.74E-05
-0.000427
4.11E-06
-0.000626
-0.001771
-0.000806
-0.002067
-0.0019
-0.002765
-0.002965
-0.002572
-0.003187
-0.003161
-0.00245
-0.002563
-0.002987
-0.001575
-0.001128
-0.00135
-0.000597
-8.76E-06
0.000216
4.91E-05
-0.000253
0.000422
-0.000736
-0.000224
-0.002186
-0.002212
-0.002225
-0.002556
-0.00219
-0.003013
-0.00421
-0.002022
-0.001205
-0.00164
-0.000504
-5.06E-05
0.000159
0.000477
0.000734
0.00177
0.000892
0.000287
9.42E-05
-0.000945
-0.001627
-0.00171
-0.002032
-0.00265
-0.001479
-0.002672
-0.002695
-0.002231
-0.000845
-0.001054
-0.000154
0.001271
0.000541
0.000538
0.001033
0.001268
0.000577
0.000335
0.000451
-0.000684
-0.000845
-0.001141
-0.001434
-0.001054
-0.002206
-0.002145
-0.001649
-0.000691
-0.001283
-0.000636
0.000641
0.001587
0.001152
0.001558
0.001349
0.001628
0.001255
0.000824
0.000737
