-9.88E-05
0.001583
-0.001804
-0.000237
0.000741
-0.001907
-0.000765
0.001152
-0.000839
-0.000543
0.002407
5.24E-05
-0.001147
0.001873
-0.001459
-0.000732
0.002143
-0.000585
-0.001237
0.001986
0.000126
-0.000568
0.001654
-0.00025
-0.001533
0.001867
0.000249
-0.002035
0.001294
0.001178
-0.002881
0.002819
0.000628
-0.003116
0.001921
0.000943
-0.002875
0.002796
0.000866
-0.002772
0.002712
0.000988
-0.003348
0.001976
0.001738
-0.00309
0.002159
0.001326
-0.003524
0.001912
0.000821
-0.003267
0.003047
-9.88E-05
-0.003785
0.003414
0.000406
-0.003467
0.003131
0.000573
-0.003743
0.003221
0.000393
-0.003788
0.003311
0.000744
-0.003637
0.002976
0.00076
-0.003241
0.001902
0.000171
-0.002752
0.002828
-0.000482
-0.002801
0.002777
9.42E-05
-0.002344
0.002359
0.000364
-0.001482
0.001928
-0.000343
-0.001881
0.001857
0.000249
-0.001363
0.001937
-0.000649
-0.000768
0.001072
-0.000636
-0.000363
0.000982
-0.000514
0.000811
0.001545
-0.000652
6.20E-05
0.000699
-0.000787
0.00084
0.000101
-0.000134
-0.000572
0.000101
-0.000897
-0.000215
0.000126
-0.000411
0.00057
-5.38E-05
-0.001411
0.000811
-0.001083
-0.001498
0.001046
-0.000588
-0.001154
0.001815
-0.000713
-0.000511
0.001049
-0.000752
-0.000826
0.000972
-0.000845
-0.000826
0.000618
-0.001022
-0.00109
0.000818
-0.000784
-0.0008
0.000216
-0.000347
-0.000604
0.000889
-8.60E-05
0.000101
0.000323
0.000377
-0.000478
0.000245
-0.001492
-0.000562
-0.000684
-0.000253
-0.000546
0.000335
0.000181
0.000117
-0.000823
0.000654
-0.000491
-0.000314
0.001043
-0.000318
-0.000829
0.002404
-5.06E-05
-0.00079
0.001172
0.000252
-0.00135
0.001551
0.000168
-0.000494
0.00169
0.000728
-0.002415
0.001735
0.000351
-0.003019
0.002059
0.001378
-0.002987
0.002288
0.001095
-0.003875
0.002529
0.000651
-0.003303
0.003925
0.000667
-0.003965
0.002854
0.001104
-0.00357
0.003127
0.000863
-0.004036
0.002912
0.001178
-0.003779
0.00332
0.000499
-0.004078
0.003153
0.001223
-0.002933
0.003999
-8.92E-05
-0.003869
0.003903
-0.000491
-0.004165
0.004118
0.000255
-0.003824
0.004404
0.000155
-0.003338
0.002783
-0.000347
-0.003624
0.003591
-0.000549
-0.002318
0.003272
-0.00025
-0.002974
0.002581
-1.84E-05
-0.002981
0.00305
-5.70E-05
-0.00272
0.00242
0.000599
-0.00254
0.00185
0.000696
-0.001804
0.00158
0.000541
-0.001691
0.001767
0.00076
-0.001044
0.001358
0.000384
-0.001427
0.001265
0.000866
-0.001102
0.000969
0.000818
-0.000829
-0.000353
0.00122
-0.000427
0.000348
0.001008
-0.000581
-0.000289
0.001152
-0.000449
-0.000797
0.001188
-0.00017
-0.000813
0.00058
0.000422
-0.000945
0.001107
-6.99E-05
-0.001141
0.001606
3.63E-05
-0.000938
0.001497
-2.81E-05
-0.001032
0.001548
-0.001054
-0.001601
0.001857
-0.000568
-0.001434
0.00158
-0.000205
-0.001575
0.00114
0.000265
-0.000794
0.001423
0.000371
-0.00143
0.001223
0.000522
-0.000626
0.001149
0.000464
-0.000385
0.001664
-0.00062
0.0002
0.001291
-0.000726
0.000245
0.000651
8.13E-05
0.000368
0.001146
-0.001234
0.00022
0.000905
-0.000974
0.000657
0.000451
-0.001382
0.000947
0.000702
-0.002331
0.000876
0.00068
-0.002617
0.001638
0.000245
-0.002447
0.001802
0.000419
-0.002395
0.00222
9.42E-05
-0.004271
0.003378
-8.76E-06
-0.002801
0.002632
-8.60E-05
-0.002775
0.002516
-0.001733
-0.003209
0.003407
-0.000359
-0.003734
0.00325
0.000294
-0.003811
0.002967
-0.000552
-0.004316
0.003436
0.000326
-0.003557
0.002819
-0.000356
-0.003132
0.003275
-0.001334
-0.002904
0.001677
-0.000897
-0.001669
0.002651
-0.001566
-0.002746
0.002983
-0.001476
-0.002154
0.002445
-0.001141
-0.001997
0.002188
-0.001141
-0.002202
0.002217
-0.000848
-0.001514
0.002059
0.000393
-0.002939
0.001812
-0.000372
-0.001353
0.001825
-0.000478
-0.001414
0.001233
0.000461
-0.002174
0.000757
0.000811
-0.002145
0.001085
0.000998
-0.001607
0.001059
0.000934
-0.00143
0.000361
0.000673
-0.000671
-0.000482
0.002333
-0.001106
-0.000289
0.001844
-0.000694
-0.000443
0.0013
-0.000613
-0.001073
0.002407
-0.000758
-0.001038
0.002471
-0.000189
-0.001118
0.002642
-0.000929
-0.001366
0.002658
-0.000588
-0.001321
0.002684
-0.000884
-0.000224
0.002873
-0.001385
-0.001247
0.002835
-0.001192
-0.001656
0.002986
-0.000874
-0.001582
0.002452
-0.000652
-0.001302
0.002815
-0.000948
-0.001833
0.002626
-0.001318
-0.001878
0.001702
-0.000652
-0.00089
0.002462
-0.000707
-0.000884
0.001339
-0.000948
-6.34E-05
0.002162
-0.001106
-0.000147
0.001857
-0.001032
9.42E-05
0.00075
-0.00209
-0.000234
0.001564
-0.000929
0.000123
0.001593
-0.000977
0.000673
0.000615
-0.001189
0.001924
0.000766
-0.001804
0.002066
0.000622
-0.002161
0.001062
7.49E-05
-0.002135
0.001612
-0.000308
-0.002341
0.001358
-0.00098
-0.00173
0.001661
-0.001337
-0.002161
0.001895
-0.000655
-0.001273
0.00259
-0.001717
-0.002421
0.002539
-0.000977
-0.003119
0.00287
-0.001109
-0.002254
0.002236
-0.001656
-0.001974
0.002529
-0.001302
-0.002415
0.001847
-0.002042
-0.000449
0.001069
-0.001376
-0.00117
0.001458
-0.00153
-0.00035
0.000908
-0.000671
-0.000591
0.000811
-0.001279
-0.000916
0.001947
-0.001241
-0.000604
0.001033
-0.000745
-0.000546
0.00149
0.000171
-0.000922
0.000647
-0.000482
-0.001141
0.001017
-0.000163
-0.000922
0.000889
0.000976
-0.001334
0.000773
0.000834
-0.001373
0.000976
0.001046
-0.001614
0.000448
0.00112
-0.001546
0.000654
0.001834
-0.002003
0.000676
0.00242
-0.001656
-0.000231
0.001648
-0.001826
0.000532
0.002182
-0.0019
-0.00017
0.002429
-0.003486
-0.000112
0.002391
-0.002846
0.000155
0.002938
-0.002315
0.000149
0.003423
-0.002839
-0.000559
0.004099
-0.002418
-0.000404
0.003584
-0.002823
5.88E-05
0.003423
-0.002605
-0.000179
0.003153
-0.002656
-0.000353
0.003591
-0.000678
-5.70E-05
0.003359
-0.002952
6.84E-05
0.004034
-0.002051
-0.000276
0.002986
-0.001688
0.000175
0.00223
-0.002373
-1.20E-05
0.002963
-0.0018
-0.000166
0.002796
-0.001804
0.000303
0.002722
-0.001659
0.000265
0.002175
-0.000684
0.000731
0.001744
-0.001424
0.000477
0.001973
-0.001495
6.84E-05
0.001426
-0.001669
0.000345
0.000956
-0.001395
-0.001003
2.02E-05
-0.000964
0.001011
0.00031
-0.001138
0.000837
-0.000282
-0.00034
0.001522
-0.001472
-0.000893
0.001194
-0.000781
-0.000427
0.001387
-0.000221
-0.000768
0.001062
-0.000681
-0.001366
0.00159
-0.001019
-0.000659
0.000487
-0.000897
-0.001357
0.001574
-0.000858
-0.000247
0.001667
-0.001807
-0.001016
0.000596
-0.001025
0.000561
-0.000211
-0.001398
-2.81E-05
-4.74E-05
-0.001012
0.000461
-0.000269
-0.000636
-2.81E-05
-0.000144
-0.001054
9.42E-05
-0.000327
-0.000549
-9.56E-05
-0.000642
-0.000565
-0.000314
-0.000691
-0.00044
-0.000594
8.13E-05
0.000197
-0.000356
0.000117
0.000615
-0.000343
0.000152
0.000355
-0.001209
-2.16E-05
0.000702
-0.00144
0.001886
0.000757
-0.001842
0.000786
0.001313
-0.001334
0.000972
0.001442
-0.002276
0.000374
0.001899
-0.002318
0.002082
0.002082
-0.002933
0.000676
0.002143
-0.003093
0.001017
0.001905
-0.002383
0.000535
0.002597
-0.00272
0.000972
0.002423
-0.002621
0.000615
0.002947
-0.002003
0.001558
0.00295
-0.004242
0.001107
0.002886
-0.003322
0.000551
0.00251
-0.003515
0.001349
0.002934
-0.003885
0.001722
0.002828
-0.003907
0.001487
0.00268
-0.003351
0.001542
0.002774
-0.003618
0.000837
0.003256
-0.00366
0.001104
0.001937
-0.003872
0.002214
0.000847
-0.003206
0.001085
0.001702
-0.003592
0.0003
0.001979
-0.002083
0.001407
0.001474
-0.001778
0.000799
0.001583
-0.00127
0.000586
0.001397
-0.001742
0.001281
0.001799
-0.001305
0.000448
0.001214
-0.001408
0.000606
0.000126
-0.000424
0.000126
0.000393
-0.000852
-6.34E-05
-0.000308
0.000268
-0.000218
-3.45E-05
9.42E-05
-0.000289
-0.000523
4.59E-05
5.88E-05
0.000168
-0.000292
-0.000388
9.74E-05
-0.000157
-0.000231
-0.001321
-0.000285
-5.38E-05
-0.000388
-0.000182
-0.000687
-0.001389
0.001239
-0.000337
-0.00136
0.001066
-0.00162
-5.38E-05
5.88E-05
-0.001302
0.00067
0.000789
-0.001366
0.000586
0.001101
-0.001765
0.000117
0.000142
-0.00063
0.001024
0.00057
-0.001353
0.000699
0.001471
-0.001276
0.000377
0.000159
-0.000575
0.001021
-0.00052
-0.00118
0.001497
-0.000964
-0.000556
0.000876
-0.000224
-0.000234
0.001567
-0.000581
-0.000337
0.001001
-0.00108
9.42E-05
0.0025
-0.002399
0.000709
0.001152
-0.002421
0.000496
0.00168
-0.002981
0.000628
0.0015
-0.003399
0.001165
0.001571
-0.002949
0.001429
0.002249
-0.002518
0.001674
0.000499
-0.003624
0.000992
0.001812
-0.002865
0.001757
0.001944
-0.004084
0.001583
0.003005
-0.00327
0.00141
0.002729
-0.003637
0.00178
0.00278
-0.003795
0.001471
0.002658
-0.004863
0.00224
0.002741
-0.003737
0.001764
0.002729
-0.003991
0.002207
0.002484
-0.003602
0.002445
0.002346
-0.003791
0.001825
0.00343
-0.003515
0.001207
0.001333
-0.002666
0.001776
0.001667
-0.002267
0.000606
0.001493
-0.002627
0.001526
0.002002
-0.00228
0.000692
0.001937
-0.002328
0.000368
0.002172
-0.001562
0.000525
0.002314
-0.001495
-0.000186
0.000985
-7.31E-05
-0.000559
0.002027
-0.00063
-0.000687
0.000924
-0.000511
-0.000778
0.001326
-0.000314
-0.001678
0.001448
-2.16E-05
-0.001344
0.002133
0.00058
-0.001289
0.001554
0.000471
-0.003264
0.000593
-0.000157
-0.001823
0.000721
0.001503
-0.002653
0.001062
0.000879
-0.001562
0.001197
0.001654
-0.002894
0.001374
0.000805
-0.001865
0.001246
0.00057
-0.001935
0.00315
0.001368
-0.002479
0.003288
0.000435
-0.002826
0.002812
0.000345
-0.003589
0.002481
-0.000427
-0.002592
0.002487
-0.000179
-0.002987
0.00214
0.000557
-0.002286
0.002198
-0.000533
-0.001363
0.001326
-8.92E-05
-0.001865
0.002159
-0.000163
-0.001443
0.002117
-0.0007
-0.001392
0.002815
-0.000511
-0.001241
0.002684
-0.001057
-0.000922
0.002031
0.000326
-0.000597
0.002005
-0.001816
-0.000575
0.001455
-0.002219
0.000763
0.000641
-0.002341
