-0.000716
-8.76E-06
-0.000488
0.003018
-0.000806
0.000799
-0.002251
-0.001389
0.001934
0.00058
0.002095
-0.001701
-0.002212
0.000397
-0.000392
0.003819
-0.001051
0.000393
-0.003521
-0.00153
0.001307
0.000963
0.00241
-0.002074
-0.001636
-0.000517
-0.000559
0.004006
-0.000929
0.000516
-0.002431
-0.00072
0.001558
-0.000398
0.002249
-0.001321
-0.001044
-1.20E-05
-0.000942
0.004051
-0.000687
0.000226
-0.002125
-0.001492
0.000368
-0.001437
0.001895
-0.000797
0.000265
0.000323
-0.000797
0.001262
-0.001186
0.001049
-0.000681
-0.000208
0.000721
-0.002196
0.000918
-0.000147
0.001493
0.000175
-0.001788
0.000339
-0.002087
0.001101
0.000786
0.000152
0.000509
-0.003544
0.000532
0.000387
0.002433
0.00213
-0.001363
-0.000613
-0.002395
0.002378
0.002304
-0.000459
0.00067
-0.003894
0.002304
0.00121
0.001043
-0.000832
-0.003467
-0.000202
-0.000765
0.002491
0.001294
-0.001138
-0.000292
-0.002518
0.002381
0.001883
0.002227
-0.000121
-0.002695
0.001049
-0.001061
0.001011
0.000319
-0.001974
0.00076
-0.002405
0.001995
-0.000128
0.000236
0.000834
-0.001759
0.001596
-0.002518
0.000963
-0.000906
-0.000478
0.00176
-0.000967
0.001378
-0.001614
-0.001385
0.000892
-0.000607
0.002877
-0.002576
-0.000819
-0.001305
-0.000147
0.002063
0.000226
0.00084
-0.001881
-0.002386
0.00113
0.002076
0.003272
-0.002476
-0.001614
-0.003264
-0.000578
0.002542
0.000451
0.001091
-0.002238
-0.000678
0.002111
0.000789
0.003632
-0.001852
-0.001463
-0.001903
-0.000382
0.003269
-0.000482
-0.000803
-0.003119
-0.001109
0.000914
0.000187
0.003539
-0.00163
-0.000433
-0.000971
-9.24E-05
0.002034
-0.000443
0.001892
-0.000678
-0.001054
0.001271
-0.000942
0.001992
-0.001382
0.000808
0.000171
-0.00182
0.000686
-0.001771
0.001995
0.000271
0.00158
0.000397
-0.003061
0.000602
0.000232
0.001905
0.001361
-0.001331
0.000454
-0.00347
0.002169
0.001152
0.001944
0.000561
-0.004129
-0.000649
-0.000314
0.002198
0.001744
-0.000182
0.000104
-0.003386
0.003404
0.002217
0.000483
-0.001759
-0.003579
0.000834
0.001095
0.002825
0.001564
-0.00292
-0.000256
-0.002206
0.002352
0.000889
0.000551
-0.001154
-0.003248
0.000873
0.001056
0.001667
0.000387
-0.001726
0.001355
-0.00162
0.002098
0.000126
0.000345
6.84E-05
-0.001549
0.001657
-0.001138
-0.000125
-0.000166
-0.000427
0.002143
-0.001118
0.001004
-0.001073
-0.000466
0.002188
-0.000649
0.002828
-0.001533
-0.000906
-0.000523
0.000544
0.003237
-0.000823
-0.000125
-0.003058
-0.001643
0.002452
0.000828
0.003639
-0.002704
-0.001887
-0.000478
0.000577
0.004179
-0.000758
-0.000745
-0.003624
-0.00107
0.003079
0.001297
0.00204
-0.003235
-0.001781
-0.001106
0.000721
0.003012
-0.00108
0.000265
-0.002881
-0.000649
0.002156
-0.000137
0.001609
-0.002775
-0.00016
0.000683
-1.84E-05
0.002349
-0.002161
0.000477
-0.001672
-0.000539
0.001008
-0.001685
0.001066
-0.001241
0.001194
0.000757
-0.001389
0.000828
-0.00181
0.002011
0.000348
0.000117
5.56E-05
-0.003126
0.001493
-0.000697
0.002069
0.00058
-0.002238
-0.000443
-0.002257
0.002828
0.001178
9.74E-05
-0.00127
-0.004306
0.001156
0.000647
0.003156
0.00103
-0.003422
-0.001614
-0.001771
0.00378
0.001123
-0.001379
-0.001254
-0.003988
0.002555
0.000204
0.001966
-0.000173
-0.003483
0.000339
-0.000806
0.003076
0.00084
-0.000993
-0.000292
-0.003081
0.002548
1.70E-05
0.002198
0.000232
-0.002122
0.000943
-0.001788
0.001995
0.000117
-0.001299
0.000808
-0.001858
0.001802
-0.001604
0.00084
-0.000253
-0.000662
0.002712
-0.002212
-6.02E-05
-0.001601
-0.000414
0.002548
-0.00181
0.001066
-0.002752
-0.00134
0.000811
0.000612
0.003504
-0.002257
-0.000897
-0.003354
-0.00061
0.003156
0.000216
0.000795
-0.003434
-0.001987
0.002005
0.001522
0.003989
-0.002386
-0.001176
-0.002328
0.000171
0.003153
0.000725
-3.77E-05
-0.003521
-0.000945
0.001201
0.000692
0.003938
-0.001929
0.000342
-0.002457
0.000377
0.00195
-0.000208
0.000863
-0.002228
-0.000446
0.001561
0.000303
0.002674
-0.001479
0.000117
-0.00109
-0.000218
0.001355
-0.002569
0.001587
-0.000839
0.000162
0.000355
-0.000797
0.001201
-0.000948
0.002101
0.00031
-0.000427
0.000229
-0.002486
0.001789
0.001548
0.001895
2.02E-05
-0.002756
-5.54E-06
-0.000874
0.002938
0.000998
-0.001807
-0.000755
-0.003975
0.002558
0.000721
0.002912
-0.000154
-0.003164
-6.99E-05
-0.000449
0.002774
-0.000292
-0.003528
-0.000871
-0.002151
0.003964
2.98E-05
0.001464
-0.00116
-0.002534
0.001117
0.000541
0.001905
0.000229
-0.00254
-3.77E-05
-0.002257
0.003246
0.000284
0.000538
-0.000395
-0.001752
0.001223
-0.001215
0.002063
-0.000482
-0.000797
0.000824
-0.001427
0.001883
-0.000999
0.000274
0.000377
-0.000234
0.001773
-0.002662
3.95E-05
-0.002293
0.000265
0.001754
-0.001106
9.10E-05
-0.002077
-0.000253
0.001895
0.000413
0.00224
-0.002987
-0.000128
-5.70E-05
0.001567
0.002999
-0.001147
-0.000498
-0.003097
-0.000549
0.002661
0.001004
0.002269
-0.003734
-0.000112
-0.001125
0.001123
0.003201
-0.001295
0.000107
-0.003158
-0.000144
0.002774
0.000358
0.001838
-0.003586
-0.001405
-0.00088
0.000274
0.003195
-0.000897
0.000776
-0.002251
-5.06E-05
0.00178
0.000252
0.00077
-0.002071
0.001014
-0.000604
-0.000642
0.001368
-0.001318
0.001352
-0.001151
0.000599
0.00086
-0.002534
0.001233
-0.000639
0.000905
-2.33E-06
-0.001678
0.000329
-0.002344
0.00295
0.001236
0.001008
-0.000897
-0.002698
0.001297
-0.000755
0.0024
0.000226
-0.002656
-0.000707
-0.002395
0.003285
0.001214
0.000879
-0.001038
-0.003467
0.001123
0.001262
0.001394
-0.001112
-0.002659
0.000602
-0.000453
0.003472
-0.000237
-0.000208
-0.001379
-0.002013
0.002413
0.001313
0.001024
-0.00035
-0.002231
0.000647
-0.000868
0.002375
-0.000395
-0.000128
-0.0009
-0.001405
0.001664
-0.00144
0.000358
-0.000285
-0.001357
0.001596
-0.001855
0.001506
-0.000726
-0.000163
0.00131
-0.001041
0.001204
-0.001633
0.000593
-9.56E-05
0.000358
0.001464
-0.002212
8.45E-05
-0.000694
0.000602
0.00277
-0.001183
0.00139
-0.002534
0.000313
0.001037
0.001747
0.001407
-0.002087
-0.000832
-0.00127
0.000892
0.003468
-0.001283
9.74E-05
-0.003708
-0.000858
0.000696
0.001886
0.002082
-0.002071
-0.001064
-0.001623
0.000451
0.004105
-0.002556
0.000831
-0.003814
2.66E-05
0.000152
0.000744
0.002098
-0.001948
0.000245
-0.001697
-0.000996
0.00215
-0.000951
0.001246
-0.002048
0.000409
0.001252
-0.000511
0.001352
-0.001591
0.001288
-0.000392
-0.000134
0.000631
-0.000443
0.00186
-0.001379
0.000335
0.000425
-0.002328
0.001278
-0.001871
0.002854
-0.000308
-0.001752
-0.000581
-0.002318
0.001969
0.000557
0.001574
-0.000121
-0.003216
0.00084
-0.000533
0.003156
-0.000803
-0.001675
-0.001459
-0.002875
0.00233
0.001104
-0.000472
-0.001701
-0.002826
0.001895
0.000271
0.002886
-0.001527
-0.00254
-0.000845
-0.001607
0.003732
0.000171
-9.56E-05
-0.001302
-0.003151
0.002098
-0.000852
0.002677
-0.000597
-0.00217
0.000123
-0.001257
0.001747
-0.000298
-5.06E-05
-0.00062
-0.001855
0.001947
-0.001611
0.001326
-0.000749
-0.000607
0.000744
-0.001681
0.000734
-0.002154
3.31E-05
0.000866
-0.000443
0.001072
-0.002511
-0.000195
-0.000144
0.000319
0.002568
-0.002186
8.45E-05
-0.002695
0.001143
0.002581
-0.000195
0.000879
-0.004303
-0.000858
0.001439
0.000869
0.002803
-0.002392
-0.000546
-0.00355
0.001648
0.002172
0.00038
0.000445
-0.003174
-0.000301
0.000181
0.001368
0.002503
-0.002447
-0.000932
-0.003489
0.000734
0.002211
-0.00017
0.000757
-0.002325
0.000519
0.00029
0.00169
0.001767
-0.000874
0.000924
-0.001858
0.000226
0.001136
-0.001276
0.001844
-0.002286
0.001095
-0.000646
-0.001649
0.000885
-0.001527
0.002539
-0.00061
0.001072
0.000471
-0.001623
0.002063
-0.001566
0.00251
-0.000462
-0.001623
-0.000765
-0.000382
0.002626
0.000509
-0.000755
-0.001237
-0.002289
0.002532
3.95E-05
0.003652
-0.001691
-0.002798
-0.000806
-0.001302
0.003652
0.000332
-0.001276
-0.00117
-0.002083
0.003703
0.001014
0.002076
-0.001907
-0.003081
2.66E-05
0.000606
0.003645
-0.000147
-0.001369
-0.000623
-0.001369
0.003317
0.000339
0.001435
-0.001279
-0.002547
0.00084
0.000271
0.001998
-0.001077
-0.000205
-7.31E-05
-0.001173
0.00205
-0.00125
0.000992
-0.001173
-0.000636
0.001812
-0.002022
0.001008
-0.001221
0.001201
0.001564
-0.001318
0.001313
-0.002383
-1.52E-05
0.000783
0.000364
0.001612
-0.002328
6.52E-05
-0.000475
0.001477
0.003018
-0.000806
0.000535
-0.004518
0.00022
0.001178
0.001587
0.00194
-0.003071
-0.000803
-0.001488
0.003089
0.003517
-0.000108
-7.95E-05
-0.004152
-0.000417
0.001111
0.001747
0.001571
-0.003019
-0.000913
-0.001411
0.001487
0.00269
-0.000971
0.000101
-0.002868
0.000393
0.000139
0.00112
0.001416
-0.002765
0.000236
-0.000723
0.000876
0.000837
-0.002032
0.00058
-0.00143
0.000345
-0.000771
-0.001086
0.001252
-0.0019
0.001876
-0.000765
-0.00024
0.001053
-0.001289
0.002545
-0.000311
0.001117
-0.000871
-0.002759
0.001378
-6.34E-05
0.003533
0.000303
-0.001115
-0.001115
-0.002553
0.003436
0.000419
0.001419
-0.002367
-0.003627
0.000953
0.000734
0.004083
4.11E-06
-0.002045
-0.001135
-0.000887
0.004369
0.001526
0.000261
-0.001855
-0.002376
0.00223
0.000625
0.003562
0.000204
-0.002164
-0.00035
-0.001247
0.003504
-0.000276
-6.99E-05
-0.001138
-0.001829
0.000918
-0.000382
0.002423
-0.000755
-0.000665
-3.77E-05
-0.001443
0.002645
-0.000816
0.000281
-0.000247
-0.000932
0.002185
-0.00171
0.001017
8.77E-05
0.000779
0.001998
-0.002798
0.000628
-0.001231
0.001259
0.002256
0.000818
0.000943
-0.003425
7.32E-06
-3.77E-05
0.001339
0.003134
-0.001678
-0.000562
-0.002814
0.001358
0.002561
0.000676
0.000596
-0.004502
-0.000884
0.000416
0.001603
0.003343
-0.002244
-0.000134
-0.003717
0.001297
0.002545
0.001233
0.000828
-0.003232
-0.000469
0.000303
0.001561
0.002236
-0.002595
-0.000446
-0.003212
0.001098
