-0.003711
-0.004441
-0.003653
-0.002083
0.00011
0.000599
0.003552
0.002893
0.001583
0.000229
0.00112
-0.000655
7.32E-06
0.000509
0.001722
0.002828
0.001455
0.001365
-9.24E-05
-0.001726
-0.003756
-0.00318
-0.003894
-0.001791
2.98E-05
0.001143
0.002992
0.002185
0.000599
0.001365
-0.000289
-0.000227
-0.000308
-0.001746
-0.000115
0.001323
0.002532
0.001715
0.001111
-0.000633
-0.002498
-0.003229
-0.004563
-0.004132
-0.001604
-1.52E-05
0.002809
0.003134
0.002471
0.002159
0.000985
-6.34E-05
-0.000488
-0.001385
1.70E-05
0.001413
0.001921
0.001452
0.001394
-0.000523
-0.00218
-0.00329
-0.00474
-0.003203
-0.001504
-0.0008
0.002368
0.002886
0.002388
0.002314
0.001432
-0.000311
-0.000855
-0.000987
-0.000224
0.001796
0.001741
0.002047
0.001275
-0.001434
-0.00244
-0.003936
-0.004457
-0.003734
-0.001755
0.000159
0.003922
0.002449
0.002323
0.001989
0.000828
-0.000974
-0.000897
0.000258
-0.000273
0.00139
0.001638
0.001809
0.000918
-0.000671
-0.002132
-0.002865
-0.004203
-0.004846
-0.000916
-0.000363
0.001912
0.003028
0.002941
0.002021
0.00095
-0.000289
0.000136
-0.0009
0.000419
0.001101
0.002729
0.001516
0.001876
-0.001305
-0.00164
-0.003566
-0.003055
-0.002907
-0.001649
-0.000237
0.001654
0.002281
0.001834
0.002072
0.000959
-0.000266
-0.000308
-0.000437
0.00011
0.001841
0.00068
0.001275
0.001503
-0.000575
-0.001881
-0.003216
-0.004094
-0.002807
-0.001437
-0.000115
0.000789
0.002108
0.001857
0.002629
0.000963
0.00059
-0.000154
-0.000462
0.000828
0.000583
0.001413
0.001625
0.000644
3.63E-05
-0.002408
-0.003142
-0.003212
-0.002791
-0.001665
-0.000353
0.001236
0.002191
0.001098
0.001487
0.001297
8.89E-07
0.000159
0.000171
0.000914
0.001284
0.000358
0.000692
0.001519
-0.001012
-0.003019
-0.002698
-0.003325
-0.001643
-0.001498
-0.000215
0.0003
0.001731
0.001513
0.002175
0.000918
0.000387
0.000197
-0.000147
0.001085
0.000795
0.000763
0.000834
0.000477
-0.001247
-0.00227
-0.00218
-0.001849
-0.002685
-0.001768
2.02E-05
0.001558
0.002137
0.001535
0.001493
0.001294
0.000384
0.000818
0.000345
0.001323
0.001046
-3.13E-05
0.000239
0.000422
-0.001527
-0.00245
-0.001572
-0.001942
-0.001894
-0.002347
-0.000343
0.00059
0.001776
0.001021
0.001696
0.001461
0.001053
0.000651
-0.00016
0.001313
0.001284
3.31E-05
0.00066
-0.000218
-0.000771
-0.001016
-0.002032
-0.002305
-0.001916
-0.001106
-0.000414
0.000815
0.001513
0.001561
0.001603
0.002336
0.001304
0.002259
0.000644
0.001297
0.001098
0.000516
-0.000665
-0.000224
-0.000977
-0.00164
-0.001762
-0.000604
-0.001225
-0.00118
-0.000691
0.000435
0.000541
0.00113
0.002236
0.001645
0.001725
0.001223
0.001265
0.001519
0.001107
0.000191
-0.000163
-0.000301
-0.001595
-0.002022
-0.002087
-0.001807
-0.0008
-0.001209
-4.09E-05
-0.000202
-0.000221
0.001095
0.001114
0.001587
0.001854
0.001632
0.001223
0.000689
0.001365
-0.00034
-0.001543
-0.000787
-0.001382
-0.00136
-0.002724
-0.001118
-0.001044
-0.000539
-0.001054
-4.41E-05
0.000583
0.000342
0.001304
0.002098
0.001989
0.002092
0.001773
0.001149
0.000184
-0.000466
-0.00117
-0.001382
-0.00116
-0.000999
-0.000539
-0.001617
0.000107
3.95E-05
-0.001241
-0.000459
-3.77E-05
0.000869
0.000779
0.002236
0.002574
0.003443
0.001381
0.000921
0.001342
-0.001504
-0.001556
-0.001501
-0.001865
-0.001884
-0.000491
-0.000485
0.000142
-0.0007
-0.001093
-0.000848
-0.000273
-2.48E-05
0.001249
0.002429
0.002127
0.002561
0.002246
0.00176
0.000609
-0.000546
-0.001926
-0.001923
-0.001549
-0.001154
-0.000218
-0.000691
0.000303
-0.000446
-0.001234
-0.001086
-0.000321
0.0004
0.001259
0.001982
0.002474
0.00296
0.002294
0.00139
0.000429
-0.00081
-0.002482
-0.002395
-0.001961
-0.000897
-8.27E-05
-0.000359
-8.60E-05
-0.00043
-0.000832
-0.000787
-0.001022
9.74E-05
0.00149
0.002285
0.002793
0.00397
0.002603
0.001384
-0.000668
-0.001469
-0.002074
-0.002325
-0.002029
-0.0019
-0.000179
-0.000675
0.000554
-0.000855
-0.001209
-0.000938
-0.000765
-0.000379
0.000744
0.001481
0.002803
0.003912
0.002323
0.00195
0.000522
-0.001476
-0.002711
-0.002579
-0.002206
-0.000819
0.000242
0.000461
-0.00024
-0.001283
-0.001659
-0.001546
-0.001012
-0.000613
0.000805
0.002191
0.003182
0.003565
0.003246
0.002281
1.05E-05
-0.001771
-0.002469
-0.00255
-0.002978
-0.000694
0.000406
0.000982
0.000583
-0.000684
-0.001231
-0.001498
-0.000983
-0.001167
0.000789
0.002709
0.003034
0.003687
0.002722
0.001937
0.00031
-0.002141
-0.003077
-0.002553
-0.000993
-0.000732
-0.000578
0.000921
2.02E-05
-0.001443
-0.001517
-0.001553
-0.000173
-0.000832
0.000918
0.002368
0.003481
0.004363
0.003353
0.001719
0.000477
-0.001221
-0.003791
-0.002794
-0.002563
-0.000211
0.00012
0.000828
-6.67E-05
-0.000221
-0.001366
-0.002473
-0.0018
-0.000794
-2.33E-06
0.001992
0.002803
0.003928
0.002799
0.002127
0.00011
-0.002347
-0.002775
-0.00283
-0.002897
-0.000501
0.000332
-0.000208
0.001596
-0.000459
-0.003261
-0.002801
-0.001385
-0.000536
0.000844
0.002568
0.003983
0.003214
0.003369
0.001812
-0.000704
-0.00143
-0.003052
-0.002897
-0.00182
-0.000636
-0.000157
0.00085
0.001297
-0.000549
-0.001955
-0.001858
-0.002331
-0.00181
0.001101
0.002153
0.003816
0.002449
0.00279
0.001596
0.000467
-0.00319
-0.003325
-0.002942
-0.001804
-0.000665
0.001049
0.001024
-0.000199
-8.76E-06
-0.001533
-0.002338
-0.00172
-0.000424
0.00011
0.002285
0.003639
0.004018
0.00323
0.002291
-0.00017
-0.000144
-0.003161
-0.002826
-0.002093
-0.00061
0.000882
0.000882
0.000448
7.32E-06
-0.001813
-0.001495
-0.00171
-0.001672
0.001558
0.002343
0.003613
0.004211
0.004353
0.001844
0.000734
-0.002161
-0.002991
-0.00245
-0.002595
-0.000147
0.000995
0.000113
8.45E-05
-0.00062
-0.001308
-0.001919
-0.001781
-0.001459
0.001403
0.002777
0.003533
0.004289
0.003584
0.002201
9.10E-05
-0.001726
-0.003299
-0.003393
-0.002476
0.000339
0.0002
0.000339
0.000548
-0.000433
-0.001257
-0.001913
-0.001344
-0.000761
0.000429
0.00241
0.003185
0.003665
0.002989
0.001561
-3.77E-05
-0.001633
-0.002884
-0.002514
-0.002672
-0.001038
0.001101
-4.74E-05
0.000454
-0.000327
-0.001549
-0.001755
-0.00145
-0.000273
0.000493
0.002137
0.003291
0.004324
0.002352
0.002153
-0.000414
-0.001234
-0.002395
-0.002058
-0.00208
-0.000478
0.000474
0.000664
-0.000157
-0.000227
-0.000408
-0.00117
-0.002122
-0.001102
0.000654
0.002294
0.002857
0.003211
0.003053
0.001918
0.00029
-0.002003
-0.002055
-0.0029
-0.001717
-9.88E-05
0.000287
0.000406
0.000413
-0.00053
-0.000858
-0.002026
-0.00109
-0.001106
0.001554
0.00169
0.002896
0.00323
0.002323
0.001361
-5.06E-05
-0.00135
-0.002923
-0.001887
-0.002244
-0.001614
-0.000289
-7.63E-05
-0.000211
-0.000182
-0.000556
-0.001476
-0.000945
-0.000311
0.000297
0.00068
0.002622
0.002388
0.002635
0.001448
-7.63E-05
-0.001305
-0.001784
-0.001935
-0.001263
-0.001665
-0.000794
-0.001006
-0.000925
-0.001389
-0.000877
-0.001212
0.000618
0.000197
0.000747
0.001966
0.002429
0.002799
0.002979
0.001487
0.002098
-0.000942
-0.001804
-0.001357
-0.000897
-0.000938
7.17E-05
-0.000707
-0.000466
-0.000893
-0.000687
-0.000803
-0.000263
-0.000514
0.001622
0.001304
0.001268
0.003941
0.001603
0.001702
0.000432
-0.000556
-0.001295
-0.000852
-0.001595
-0.001106
-0.00116
-0.001106
-0.000922
-0.000466
-0.000559
-0.000282
0.000503
3.31E-05
0.001069
0.001844
0.002462
0.002471
0.001574
0.001207
0.001677
-0.000398
-0.000893
-0.000858
-0.000594
-0.000494
-0.001575
-0.000835
-0.001636
-0.000671
-0.001266
-0.000687
0.000676
5.88E-05
0.001371
0.001957
0.002053
0.001934
0.001632
0.000551
0.000606
0.0004
-0.000469
-0.001578
-0.00063
-0.001176
-0.001678
-0.000231
-0.001907
-0.000559
-0.000585
-0.000253
0.000789
0.00066
0.001271
0.001458
0.001021
0.001361
0.001532
0.001789
2.66E-05
0.000287
-0.001205
-0.000568
-0.001533
-0.00125
-0.001849
-0.001459
-0.001549
-0.000909
-0.000224
-0.000395
0.001603
0.001744
0.001506
0.001162
0.00085
0.000657
0.001426
0.000413
0.000525
0.000647
-0.000154
-0.001093
-0.00136
-0.000999
-0.001492
-0.002511
-0.002868
-0.000121
-0.000646
0.001316
0.001239
0.001259
0.001345
0.001471
0.001706
0.000792
0.000583
0.00077
0.000789
0.000795
-9.56E-05
0.000467
-0.000983
-0.001646
-0.001845
-0.002531
-0.003161
-0.001453
0.00031
0.001378
0.001937
0.001117
0.001461
0.001329
0.000802
0.000152
0.000528
0.000895
0.000786
0.001252
0.000532
0.000824
-0.000826
-0.002289
-0.002489
-0.003348
-0.002145
-0.001302
-3.13E-05
0.001307
0.001082
0.001686
0.001632
0.001487
0.000844
2.66E-05
-0.001283
0.00085
0.001088
0.00048
0.001127
0.000924
-0.000858
-0.002547
-0.002556
-0.002704
-0.003036
-0.001421
-0.000337
0.001062
0.0016
0.00176
0.00195
0.00167
0.000371
-0.000565
0.000422
-0.000121
0.001696
0.001381
0.000821
0.00058
-0.00154
-0.001855
-0.003595
-0.003296
-0.002659
-0.001418
0.000458
0.001612
0.00169
0.00169
0.001432
0.000602
0.00058
-0.000234
-0.000691
2.98E-05
0.000757
0.000934
0.001693
0.001429
-0.000755
-0.002405
-0.003798
-0.003853
-0.002659
-0.001508
-0.000205
0.001323
0.002677
0.002166
0.001767
0.001487
-0.000147
-0.000224
-0.000736
0.000342
0.001622
0.001973
0.001378
0.001075
-0.001102
-0.001675
-0.003763
-0.004731
-0.00281
-0.001321
0.000181
0.001217
0.003092
0.002487
0.002828
0.000876
0.000284
-0.000375
-0.000813
0.000329
0.001503
0.001252
0.001185
0.001545
-0.000559
-0.003045
-0.003518
-0.004181
-0.003531
-0.001659
-5.06E-05
0.001567
0.003336
0.002465
0.002217
0.000792
-0.000778
-0.000697
0.00048
-0.000273
0.001609
0.002722
0.003198
0.00123
-0.000752
-0.002016
-0.003338
-0.004306
-0.002331
-0.002055
-8.76E-06
0.001371
0.002947
0.002449
0.002536
0.000744
0.001091
-0.000562
-0.001083
0.000187
0.000959
0.002815
0.001844
0.001156
-0.001067
