0.000914
4.11E-06
-0.001591
0.000747
0.001439
-0.000347
-0.000729
0.001477
0.001439
-0.002338
-0.001099
0.001361
-0.000305
-0.001897
0.000676
0.000699
-0.000794
-0.001414
0.002224
0.000197
-0.00089
0.000419
0.002002
0.000622
-0.001765
0.002185
-8.76E-06
-1.52E-05
-0.001263
0.003652
-0.000938
-0.001061
0.001712
0.000297
-0.000552
-0.002431
0.004202
-0.001955
0.000499
7.17E-05
0.002658
-0.000501
-0.002164
0.002815
-0.001215
0.000435
-0.002691
0.004182
-0.00136
-0.000649
0.00103
0.000528
0.000821
-0.002945
0.003967
-0.001913
2.02E-05
6.52E-05
0.00204
0.000438
-0.001186
0.003414
-0.000301
0.001265
-0.002775
0.003343
-0.001537
-0.001048
0.001336
0.000339
0.000393
-0.002679
0.003726
-0.000964
-0.000559
-0.000154
0.002462
-0.000684
-0.001167
0.003002
-0.000504
-0.000488
-0.001234
0.002642
-0.001527
-0.001617
0.001574
0.001107
-0.000993
-0.00191
0.00204
-1.52E-05
-0.001028
0.000355
0.001735
-0.000218
-0.000855
0.001622
0.000467
-0.001344
-0.000839
0.000972
-0.000919
2.34E-05
0.000374
0.001429
-0.001964
-0.000324
0.000834
0.001387
-0.002328
0.00058
0.00159
-0.000958
-0.000157
0.000368
0.002117
-0.003389
0.000599
0.000207
0.000628
-0.002685
3.31E-05
0.000808
-0.002669
0.000834
-0.000835
0.00213
-0.003592
0.001986
0.001291
-0.001424
-0.000559
-0.000816
0.003237
-0.00382
0.001616
-0.001311
-2.81E-05
-0.002312
-0.000195
0.003517
-0.003029
0.001085
-0.000977
0.002803
-0.00421
0.002526
0.001381
-0.000211
-0.001903
0.00095
0.001223
-0.003174
0.000709
-0.000935
0.001471
-0.003454
0.001197
0.000583
-0.002376
-0.000347
-0.00024
0.002593
-0.002929
0.001455
0.000763
-6.99E-05
-0.002051
0.000824
0.001616
-0.002572
0.000258
-7.63E-05
0.00123
-0.002772
0.000786
0.000802
-0.001279
-0.00035
0.001767
0.00084
-0.002145
0.000998
0.001078
-7.63E-05
-0.001553
0.00121
0.001149
-0.001871
-0.000623
0.00232
-0.000192
-0.000366
0.00057
0.000908
-0.000687
-0.001244
0.002034
-0.000478
-0.000514
-0.000379
0.002931
-0.002338
-0.001382
0.00158
0.001091
-0.000247
-0.002917
0.003986
-0.00226
-0.000678
6.52E-05
0.002095
-0.000356
-0.001495
0.003314
-0.00108
0.000676
-0.001115
0.003394
-0.001077
-0.000774
0.001628
0.000342
0.000451
-0.002688
0.004401
-0.002379
0.000847
-0.000507
0.001622
-0.000488
-0.002035
0.003951
-0.001636
0.000351
-0.001215
0.003391
-0.001562
-0.000247
0.001674
0.000963
0.000351
-0.002965
0.003648
-0.002415
6.52E-05
1.70E-05
0.002156
-0.00025
-0.002495
0.003227
-0.001311
0.000435
-0.000375
0.002934
0.000142
-0.001456
0.000998
0.000705
0.000573
-0.002202
0.002709
-0.001649
-0.001218
0.000976
0.001361
-0.000137
-0.001131
0.002584
0.000339
-0.001189
-0.000707
0.002101
-0.001106
-0.001469
0.001123
0.000651
-0.000964
-0.000874
0.000895
-0.000652
-0.001283
0.000278
0.001358
-0.000591
-0.001183
0.000638
0.001345
-0.001611
0.000937
0.000683
-0.000189
-0.000842
-0.000253
0.001442
-0.002727
-9.24E-05
0.000313
0.000754
-0.003052
0.00059
0.000261
-0.001527
-0.000562
-2.81E-05
0.002571
-0.003952
0.001899
-0.000369
-8.92E-05
-0.001765
-0.000186
0.002301
-0.00327
0.000976
-0.000546
0.002066
-0.004541
0.002172
0.001333
-0.001476
-0.000202
-0.000186
0.002031
-0.003653
0.002391
-0.001479
0.001645
-0.003245
0.001471
0.000355
-0.002543
8.13E-05
-0.000395
0.002217
-0.003853
0.002542
-0.000273
6.52E-05
-0.001929
0.001339
0.001551
-0.002685
0.001165
-0.000318
0.001049
-0.00199
0.001361
0.001082
-0.001096
-0.000961
0.000332
0.002143
-0.00281
0.001841
0.000815
-0.000269
-0.001627
0.001596
0.000689
-0.001945
0.000651
0.001342
-0.000218
-0.00236
0.001037
0.001078
-0.001215
-0.000736
0.001204
-0.000543
-0.001482
-0.000848
0.002468
-0.000861
-0.001225
0.0013
0.000596
-0.001164
-0.001096
0.002133
-0.001035
-0.000922
0.000213
0.001577
-0.000623
-0.001681
0.003684
-0.001903
0.000474
-0.000723
0.003124
-0.00164
-0.00089
0.001471
-6.99E-05
1.05E-05
-0.003409
0.003314
-0.002109
-5.06E-05
-0.00081
0.001873
-0.000613
-0.001884
0.003536
-0.002788
-0.000678
-0.002193
0.003861
-0.001405
-0.000861
0.002745
-0.000858
0.001001
-0.002508
0.003854
-0.001321
0.000406
-0.00025
0.001912
-0.000691
-0.001427
0.003835
-0.002141
0.001616
-0.001122
0.00341
-0.000395
0.000181
0.002738
-2.81E-05
-0.000504
-0.002749
0.003333
-0.001971
0.000232
-0.000636
0.001143
-0.000556
-0.001244
0.001912
-0.000819
-0.000382
-0.000501
0.002285
-0.001321
-0.000642
0.002185
0.000869
-0.00089
-0.001215
0.00242
-0.001363
-0.001794
0.000425
0.001172
-0.001369
-0.000945
0.001188
0.000956
-0.001807
0.000538
0.001107
-0.001485
-0.001919
0.0013
0.001352
-0.002637
0.000963
0.000783
0.000409
-0.00227
0.001516
0.0016
-0.000694
-0.000472
0.000631
0.001969
-0.003386
0.002442
-0.000134
0.000213
-0.001463
0.000544
0.001059
-0.003113
-0.000244
-0.000363
0.000795
-0.003129
0.00066
8.13E-05
-0.001971
-0.000401
-0.000552
0.003147
-0.004126
0.002281
0.000142
-5.38E-05
-0.001884
0.000245
0.000316
-0.002228
0.001564
-0.000292
0.001815
-0.003981
0.00296
-0.000179
-0.000494
-0.001984
0.000956
0.003243
-0.003573
0.001863
-2.81E-05
0.001146
-0.002653
0.00186
-0.000379
-0.002804
0.000284
9.10E-05
0.001188
-0.003486
0.00215
-0.000173
-0.000453
-0.001456
0.002368
0.001252
-0.001784
0.001841
0.000377
0.000335
-0.001884
0.00149
0.001326
-0.002048
-0.000137
0.001825
-0.000581
-0.002019
0.000924
0.00067
-0.001447
-0.000929
0.001847
0.001246
-0.000523
-0.000732
0.002304
-0.001862
-2.33E-06
0.001049
0.001191
-0.001231
-0.001955
0.002764
-0.001389
-0.000678
-0.000137
0.002243
-0.001344
-0.000819
0.000898
-0.000633
0.000702
-0.001443
0.003626
-0.001874
0.000342
-4.41E-05
0.002024
-0.00098
-0.002305
0.002828
-0.002794
0.001098
-0.00088
0.002877
-0.001816
-0.000691
0.002638
-0.001652
-3.77E-05
-0.001595
0.004359
-0.002743
0.000567
0.000519
0.002275
-0.000462
-0.002849
0.003472
-0.002781
0.000171
-0.002231
0.003497
-0.001839
-0.000359
0.001976
-0.001353
0.000647
-0.00199
0.003835
-0.002318
-0.000173
0.000966
0.001506
-0.001665
-0.002122
0.002696
-0.001952
-2.16E-05
-0.00098
0.003391
-0.00125
-2.16E-05
0.001719
-0.000501
-0.000372
-0.000655
0.002745
-0.001566
-0.000453
0.000959
0.001574
-0.000704
-0.001051
0.001664
-0.000893
-0.000633
0.000197
0.001895
-0.001498
-0.002
0.001455
0.000622
-0.001305
-0.000276
0.000162
-9.56E-05
-0.002338
0.000512
0.000139
-0.001726
-0.000224
0.001259
0.001175
-0.002807
0.002137
0.000499
-0.000768
-0.001488
0.001046
0.002626
-0.002698
0.001062
0.000435
0.000567
-0.002267
0.001793
0.000213
-0.001678
0.001085
8.89E-07
0.001603
-0.003151
0.002671
-0.000562
0.000364
-0.001845
0.000535
0.002732
-0.002785
0.002079
-0.002112
0.001249
-0.004129
0.001342
-0.001459
-0.001283
2.66E-05
-5.06E-05
0.002037
-0.003286
0.003192
-0.000141
0.001616
-0.003769
0.00213
0.002079
-0.002357
0.002693
-9.56E-05
0.001699
-0.002923
0.002455
-0.001463
-0.000745
-0.000687
0.001275
0.001764
-0.003373
0.002227
-0.000668
0.000168
-0.002009
0.001924
0.001757
-0.002309
0.000982
0.001194
0.00057
-0.002334
0.002043
0.000107
-0.000835
-0.000967
0.001374
0.000323
-0.002154
0.000876
0.001638
-0.001147
5.88E-05
0.001265
0.000136
-0.001044
-0.000594
0.002471
-0.001318
-9.88E-05
-0.000671
0.001751
-0.001398
-0.001897
0.003452
-0.000334
-0.00107
-0.000639
0.002848
-0.00117
0.000628
-4.09E-05
7.49E-05
-0.000935
-0.002514
0.0037
-0.003248
0.000358
-0.000868
0.002867
-0.002949
-0.001739
0.002581
-0.001855
0.000432
-0.002672
0.00417
-0.002415
0.001017
0.000358
0.000146
-0.000588
-0.002611
0.004128
-0.003489
0.000895
-0.001623
0.00332
-0.001691
-0.002466
0.002339
-0.001881
0.000699
-0.001942
0.00325
-0.00273
0.000754
0.000538
0.000425
-0.000533
-0.002476
0.003407
-0.001807
0.000368
-0.00126
0.002896
-0.002399
-0.0018
0.002381
-0.000694
-2.33E-06
-0.001331
0.003118
-0.002013
0.000197
0.001246
0.00048
-0.001508
-0.002125
0.002825
-0.0018
-6.34E-05
-0.000318
0.002227
-0.002077
-0.001135
0.002037
0.00049
-0.00182
0.000548
0.001583
-0.0008
-0.001118
0.001091
0.001152
-0.002299
-0.000774
0.001554
0.000146
-0.002524
0.001082
0.001082
-0.001315
-0.000694
0.000133
0.001403
-0.00273
0.001162
0.000651
0.000966
-0.00254
0.00242
0.001786
-0.001289
0.000319
-5.54E-06
0.001728
-0.00356
0.002384
-0.000282
-0.001183
-0.000205
0.000979
0.001793
-0.003425
0.002497
-0.000623
0.002066
-0.002418
0.002626
0.001574
-0.001627
0.001574
-0.000379
0.002259
-0.003994
0.002812
-0.000909
-0.000244
-0.001656
0.002002
0.001336
-0.001659
0.001908
-0.000617
0.001625
-0.003672
0.003182
0.000509
-0.001196
0.000184
0.00075
0.001403
-0.003164
0.002378
-0.000768
0.000197
-0.001254
0.002954
0.001014
-0.001215
0.001857
0.000303
0.000583
-0.002884
0.002314
0.000522
-0.001347
-0.000765
0.001432
0.000657
-0.002666
0.001831
-0.000121
-0.001151
-0.001427
0.002355
0.000712
-0.001598
-9.88E-05
0.001554
-0.000906
-0.00127
0.001181
0.001066
-0.00173
-0.000774
0.00178
-0.000704
-0.000472
-0.000266
0.002407
-0.002132
-0.000909
0.001683
0.000175
-0.000585
-0.000353
0.003028
-0.002412
-0.000134
-0.000215
0.001876
-0.002286
-0.001459
0.001908
-0.001736
0.000104
-0.001041
0.003308
-0.002247
-0.000224
0.000885
6.52E-05
0.000117
-0.001971
0.004556
-0.003065
0.00067
-0.000729
0.001786
-0.00172
-0.001135
0.002667
-0.003203
-0.000433
-0.0029
0.004292
-0.002595
-0.000597
0.000123
0.000458
-0.000118
-0.001479
0.003086
-0.0032
0.000898
-0.001305
0.001821
-0.001061
-0.0021
0.002474
-0.002125
-0.000687
-0.000945
0.003874
-0.002392
-0.001054
0.000889
0.000429
-0.001862
-0.001048
0.003182
-0.002125
0.00075
-0.000684
0.001628
-0.001199
-0.001302
0.00223
-0.001231
1.05E-05
0.000187
0.002265
-0.001366
-0.001199
0.001561
0.000728
-0.001472
-0.00044
0.002034
-0.000723
