-7.31E-05
-0.002209
0.000255
-0.001878
-0.002293
-0.002923
-0.000961
-0.002968
-0.000739
-0.002907
-0.000523
-0.002746
-0.000392
-0.003479
-0.00061
-0.002241
-3.45E-05
-0.002428
-0.001276
-0.002688
0.000557
-0.002852
-0.000414
-0.002447
-3.45E-05
-0.001797
0.000525
-0.001302
0.000622
-0.000884
-8.92E-05
-0.000781
0.001316
-0.001025
0.001764
0.000303
0.003005
-3.77E-05
0.002101
-0.000263
0.002716
0.000493
0.002767
0.00029
0.002616
0.000278
0.002767
0.001033
0.002536
0.001242
0.002774
0.001037
0.002979
0.001278
0.002909
0.000297
0.003369
0.000992
0.002632
0.000554
0.002925
0.001667
0.002092
0.00031
0.002645
0.000818
0.001873
0.000737
0.001628
3.31E-05
0.002593
-0.000482
0.001339
-0.000823
0.001513
-0.000742
0.002655
-0.001147
0.001651
-0.00126
0.000766
-0.000877
0.000425
-0.00153
-9.56E-05
-0.000855
0.00012
-0.001604
0.000162
-0.00264
0.000242
-0.002309
-0.000665
-0.002444
-0.000504
-0.002556
-0.001051
-0.002978
-0.000954
-0.002791
0.000159
-0.003042
-0.001543
-0.004625
-0.001402
-0.003225
-0.00035
-0.00336
-0.001318
-0.003097
-0.00107
-0.00318
-0.001492
-0.002778
-0.000639
-0.002894
-0.001186
-0.002791
7.32E-06
-0.00235
-0.000472
-0.002392
0.000471
-0.001697
5.24E-05
-0.002309
0.00012
-0.000781
0.000911
-0.001369
0.001268
-0.000942
0.000718
-0.000446
0.002031
-0.000511
0.002249
-0.000195
0.002159
0.000204
0.00224
0.000184
0.003024
0.000615
0.002481
0.001789
0.003246
0.000705
0.003581
0.000628
0.003362
0.000943
0.003246
0.000828
0.00352
0.001844
0.003838
0.001107
0.003513
0.001265
0.003391
0.001127
0.003742
0.001304
0.003066
0.001226
0.002468
0.00066
0.002066
0.000599
0.001821
0.000516
0.002166
0.000615
0.000943
-0.000604
0.001645
-0.000761
0.001622
-0.001276
0.000429
-0.000578
0.00114
-0.001868
0.000232
-0.002103
-0.000298
-0.001627
-8.92E-05
-0.002151
-0.000211
-0.002875
-0.001466
-0.002653
-0.001389
-0.003238
-0.001617
-0.003097
-0.001311
-0.003904
-0.001498
-0.002704
-0.001862
-0.003229
-0.001347
-0.003689
-0.001389
-0.003811
-0.00026
-0.003296
-0.000852
-0.003335
-0.001077
-0.002212
-0.000285
-0.003065
0.000342
-0.002775
0.000541
-0.002675
-0.000128
-0.002122
0.000757
-0.001697
0.00066
-0.001736
0.001944
-0.001305
0.001104
-0.001308
0.001963
-0.001086
0.001326
-0.00063
0.001802
0.000101
0.001632
-0.000681
0.001886
-0.000375
0.002445
-0.000208
0.002848
0.000194
0.002851
0.000705
0.0026
-4.09E-05
0.002545
0.00068
0.003385
0.00067
0.002963
0.000181
0.00295
0.001265
0.003021
0.0013
0.003121
0.00149
0.003095
0.000377
0.002536
0.000985
0.003076
0.000306
0.002938
-0.000414
0.00232
0.000403
0.002008
-0.000227
0.002082
-0.00034
0.001757
-0.000417
0.000898
-0.000179
0.000869
-0.000636
0.000345
-0.001749
0.000921
-0.002566
0.00093
-0.001527
0.000403
-0.001919
0.000178
-0.002672
-0.000163
-0.001903
-0.000273
-0.002412
-0.000105
-0.002955
-0.00134
-0.002563
-0.001093
-0.003074
-0.00125
-0.003103
-0.001952
-0.003325
-0.000543
-0.002273
0.000104
-0.002572
0.000348
-0.001836
0.000425
-0.001459
0.000335
-0.002251
0.000403
-0.001669
0.000799
-0.001855
0.00058
-0.001215
0.000651
-0.001366
0.000258
-0.001057
0.001361
-0.001524
0.000795
-0.002514
0.000171
-0.000504
0.001503
-0.000704
0.000802
-0.000945
0.001194
-0.000678
0.001371
-0.000282
0.001664
-0.00108
0.000943
-0.001353
0.00159
-0.000945
0.001419
-0.000179
0.001548
-0.000453
0.001387
-0.000771
0.001635
-0.000469
0.0015
-0.000443
0.001963
-0.000102
0.001883
-0.000559
0.001876
-0.000675
0.001754
0.000873
0.001805
-0.000301
0.001284
-0.000517
0.002359
-0.000797
0.001043
-0.000453
0.001146
-0.000646
0.001107
-0.00116
0.001831
0.000126
0.002423
-0.001508
0.001542
-0.000945
0.001603
-0.000813
0.000773
-0.000887
0.000731
-0.0018
0.000972
-0.001453
0.000725
-0.002608
0.000725
-0.003103
0.000329
-0.000906
0.00048
-0.001961
0.000313
-0.002067
0.000265
-0.001035
0.000487
-0.001498
0.000792
-0.002122
0.000554
-0.000549
0.002076
-0.000466
0.001503
-0.000105
0.002233
0.000503
0.001458
-9.56E-05
0.001963
0.00048
0.001674
-0.000536
0.002014
-0.000874
0.000844
-0.000845
0.001313
-0.001032
0.001574
-0.0018
0.00093
-0.001807
0.000799
-0.000482
0.000927
-0.000752
0.000615
-0.000935
0.000548
-0.001739
0.000641
-0.001205
0.000316
-0.001514
0.000155
-0.001048
3.31E-05
-0.001627
6.20E-05
-0.001562
-0.000562
-0.002241
-0.001604
-0.001598
0.000268
-0.001135
-0.000472
-0.001286
-0.000517
-0.001842
-9.24E-05
-0.00181
0.000232
-0.001054
-8.76E-06
-0.001971
0.0003
-0.001742
0.000419
-0.00118
0.000734
-0.001669
0.000635
-0.001321
-0.000199
-0.001447
0.000873
-0.001714
0.000506
-0.001286
0.000232
-0.001202
0.000692
-0.001398
0.000898
-0.001012
0.001304
-0.000289
0.001236
-0.000877
0.001361
-0.000794
0.001365
-0.000334
0.001481
-0.000781
0.001632
-0.000755
0.001783
-0.001517
0.002034
3.31E-05
0.002378
-0.000511
0.001619
-0.000449
0.001455
0.000435
0.001442
0.000815
0.0025
0.001635
0.003372
0.000972
0.003365
0.001091
0.003086
0.000689
0.002494
0.000638
0.002561
9.42E-05
0.002159
-0.000137
0.001805
-0.000459
0.002336
-0.000237
0.002005
-0.000369
0.00205
-0.001038
0.001796
-0.000922
0.001233
-0.000839
0.000371
-0.001578
0.000847
-0.001398
-0.000411
-0.001958
-7.63E-05
-0.002157
-0.000163
-0.002482
-0.001025
-0.0019
-0.000575
-0.00309
-0.000575
-0.002585
-0.000282
-0.002714
-0.000369
-0.003283
-0.001234
-0.003727
-0.000954
-0.002833
-0.002122
-0.002566
-0.001572
-0.003148
-0.000964
-0.00236
-0.001254
-0.003065
-0.001205
0.000113
-0.000472
-0.002321
-0.000186
-0.002482
-0.00117
-0.00189
0.00086
-0.001427
0.0002
-0.001038
0.00048
-0.001218
0.001686
-0.001035
0.001661
-0.001241
0.000889
-0.000655
0.001606
-0.000121
0.001133
-0.000137
0.001895
0.000985
0.002124
-0.000282
0.002339
0.000876
0.001867
0.000696
0.001783
0.000606
0.002079
0.000834
0.002741
0.000631
0.002185
0.000892
0.003327
0.000754
0.003587
0.001297
0.003156
0.001133
0.003575
0.001612
0.003008
0.001114
0.002417
0.000593
0.002648
0.001361
0.002059
0.000516
0.001773
0.000554
0.001989
0.000425
0.001426
0.000387
0.001651
-0.000485
0.001574
-0.000932
0.001101
-0.001736
0.000477
-0.001636
0.000474
-0.002186
0.000294
-0.002743
0.000567
-0.002019
-0.00052
-0.002463
8.77E-05
-0.003283
-0.00153
-0.00265
-0.001437
-0.002994
-0.00145
-0.00337
-0.001958
-0.0029
-0.000954
-0.00292
-0.001691
-0.003283
-0.001469
-0.003415
-0.001295
-0.004026
-0.001717
-0.003528
-0.000363
-0.00401
-0.001266
-0.002733
0.000487
-0.002267
-0.000404
-0.003377
-0.000594
-0.001514
-0.000877
-0.001681
-0.000263
-0.001775
0.000284
-0.001456
8.89E-07
-0.001234
0.001066
-0.001511
0.001236
-0.000363
0.001326
0.000204
0.002407
-7.31E-05
0.001722
0.0004
0.002671
0.000245
0.002182
0.001712
0.003086
0.001651
0.003227
0.001265
0.003764
0.001699
0.003484
0.002008
0.003938
0.001021
0.003629
0.001484
0.003253
0.001554
0.003398
0.001365
0.002741
0.000721
0.002224
0.000493
0.002983
0.00048
0.002452
0.000766
0.002655
-6.99E-05
0.002037
0.000345
0.002021
-0.000546
0.002429
-0.000276
0.001509
-0.000449
0.000709
-0.001418
0.000824
-0.001318
-7.95E-05
-0.001868
0.001233
-0.002492
-0.000144
-0.002769
0.000149
-0.002206
-0.000166
-0.002984
-0.000916
-0.002318
-0.000887
-0.0032
-0.000742
-0.003019
-0.000488
-0.002788
-0.001604
-0.002447
-0.002138
-0.003077
-0.001205
-0.002685
-0.001492
-0.003296
-0.001533
-0.00237
-0.001115
-0.002482
-0.00063
-0.002611
-0.000852
-0.002672
-0.000568
-0.001987
-0.000462
-0.001591
-1.52E-05
-0.002058
0.000268
-0.002556
0.000873
-0.002247
0.000339
-0.001681
-0.00026
-0.00107
0.000316
-0.00026
0.00067
0.000561
0.001754
0.000471
0.001873
0.000364
0.002117
-1.20E-05
0.001899
0.001387
0.002429
7.17E-05
0.001455
0.00058
0.003024
0.000882
0.002249
0.000824
0.002381
0.000947
0.002507
0.00113
0.002777
2.34E-05
0.001355
-0.000215
0.001236
-0.000687
0.001574
3.95E-05
0.001622
0.00021
0.00205
-0.000292
0.001117
-0.000125
0.000773
-0.001633
0.000596
-0.000813
0.000573
-0.000668
0.000802
-0.001379
0.000879
-0.001077
0.001059
-0.000382
0.00058
-0.000646
0.001895
-0.000131
0.000471
0.000168
2.98E-05
-0.001051
0.000268
-0.000874
-9.56E-05
-0.001678
0.000329
-0.001472
0.000435
-0.00125
-0.000694
-0.001617
0.000175
-0.002026
-4.41E-05
-0.002032
0.000162
-0.001347
-6.34E-05
-0.00208
0.000261
-0.002534
3.63E-05
-0.001794
6.20E-05
-0.001308
0.000351
-0.001447
0.000104
-0.001855
0.0004
-0.00145
0.000107
-0.000761
0.000519
-0.002273
0.00031
-0.00108
0.000988
-0.000999
0.001143
-0.000697
0.00104
-0.000626
0.001078
-0.000958
0.000853
-0.000511
0.001654
-4.09E-05
0.000561
-0.000443
0.000882
-0.000768
0.001908
8.13E-05
0.001693
-0.000195
5.24E-05
-0.000797
0.001976
-9.88E-05
0.002085
-0.000147
0.000808
-0.000897
0.002008
-0.000182
0.001657
-0.002531
-0.000108
-0.002395
0.000586
-0.001833
-8.27E-05
-0.001228
0.000104
-0.001611
-6.99E-05
-0.002135
0.000126
-0.001466
0.000345
-0.000948
0.000824
-0.001598
0.000345
-0.000845
-0.000273
-0.001353
0.000532
-0.001742
0.000602
-0.000887
0.001104
-0.001237
0.000776
-0.000659
0.000615
-0.001019
0.001262
-0.000485
0.001033
-0.000761
0.001085
-0.000707
0.001548
-0.00043
0.000734
-0.000778
0.001069
-0.000617
0.001529
0.000499
0.00187
-0.000568
0.002256
-0.000112
0.001934
-0.000147
0.001532
9.10E-05
0.00186
0.000348
0.001915
0.000454
0.001821
0.000249
0.001265
0.000294
0.001554
-9.56E-05
0.000712
-0.000874
0.000657
0.000165
0.001194
-0.000806
0.00186
-0.001128
0.001165
-0.001003
0.0013
-0.001347
0.001111
-0.001604
0.001368
-0.000877
0.001001
-0.001041
0.000615
-0.001247
0.001014
-0.00107
0.000435
-0.00098
-0.000311
-0.00125
-8.76E-06
-0.001086
0.000596
-0.001311
6.20E-05
-0.001289
