   0.0000000e+00
   9.5499487e-02
   3.4550370e-01
   6.5448105e-01
   9.0438075e-01
   9.9975328e-01
   9.0422108e-01
   6.5435908e-01
   3.4568665e-01
   9.6138089e-02
   9.8663579e-04
   9.6457264e-02
   3.4593048e-01
   6.5399335e-01
   9.0294451e-01
   9.9778098e-01
   9.0246614e-01
   6.5362792e-01
   3.4647861e-01
   9.8370550e-02
   3.9426493e-03
   9.9007640e-02
   3.4696529e-01
   6.5289792e-01
   8.9991803e-01
   9.9384417e-01
   8.9912285e-01
   6.5229047e-01
   3.4787644e-01
   1.0218806e-01
   8.8563746e-03
   1.0314055e-01
   3.4860407e-01
   6.5119906e-01
   8.9531326e-01
   9.8795838e-01
   8.9420440e-01
   6.5035199e-01
   3.4987464e-01
   1.0757555e-01
   1.5708419e-02
   1.0883968e-01
   3.5084033e-01
   6.4890350e-01
   8.8914837e-01
   9.8014684e-01
   8.8773021e-01
   6.4782014e-01
   3.5246531e-01
   1.1451176e-01
   2.4471742e-02
   1.1608254e-01
   3.5366526e-01
   6.4602028e-01
   8.8144768e-01
   9.7044038e-01
   8.7972582e-01
   6.4470492e-01
   3.5563824e-01
   1.2296932e-01
   3.5111757e-02
   1.2484055e-01
   3.5706771e-01
   6.4256078e-01
   8.7224160e-01
   9.5887731e-01
   8.7022283e-01
   6.4101861e-01
   3.5938089e-01
   1.3291484e-01
   4.7586474e-02
   1.3507915e-01
   3.6103425e-01
   6.3853866e-01
   8.6156645e-01
   9.4550326e-01
   8.5925874e-01
   6.3677576e-01
   3.6367851e-01
   1.4430908e-01
   6.1846660e-02
   1.4675792e-01
   3.6554922e-01
   6.3396979e-01
   8.4946436e-01
   9.3037101e-01
   8.4687682e-01
   6.3199312e-01
   3.6851412e-01
   1.5710707e-01
   7.7836037e-02
   1.5983077e-01
   3.7059480e-01
   6.2887221e-01
   8.3598310e-01
   9.1354029e-01
   8.3312593e-01
   6.2668957e-01
   3.7386865e-01
   1.7125830e-01
   9.5491503e-02
   1.7424612e-01
   3.7615109e-01
   6.2326602e-01
   8.2117586e-01
   8.9507751e-01
   8.1806035e-01
   6.2088603e-01
   3.7972096e-01
   1.8670693e-01
   1.1474338e-01
   1.8994707e-01
   3.8219615e-01
   6.1717336e-01
   8.0510109e-01
   8.7505553e-01
   8.0173953e-01
   6.1460541e-01
   3.8604796e-01
   2.0339198e-01
   1.3551569e-01
   2.0687165e-01
   3.8870614e-01
   6.1061827e-01
   7.8782223e-01
   8.5355339e-01
   7.8422788e-01
   6.0787249e-01
   3.9282467e-01
   2.2124761e-01
   1.5772645e-01
   2.2495308e-01
   3.9565534e-01
   6.0362662e-01
   7.6940746e-01
   8.3065593e-01
   7.6559452e-01
   6.0071385e-01
   4.0002436e-01
   2.4020334e-01
   1.8128801e-01
   2.4411999e-01
   4.0301635e-01
   5.9622600e-01
   7.4992946e-01
   8.0645353e-01
   7.4591297e-01
   5.9315774e-01
   4.0761860e-01
   2.6018438e-01
   2.0610737e-01
   2.6429675e-01
   4.1076011e-01
   5.8844563e-01
   7.2946511e-01
   7.8104169e-01
   7.2526092e-01
   5.8523397e-01
   4.1557743e-01
   2.8111186e-01
   2.3208660e-01
   2.8540372e-01
   4.1885606e-01
   5.8031620e-01
   7.0809516e-01
   7.5452071e-01
   7.0371986e-01
   5.7697383e-01
   4.2386944e-01
   3.0290318e-01
   2.5912316e-01
   3.0735760e-01
   4.2727224e-01
   5.7186979e-01
   6.8590396e-01
   7.2699525e-01
   6.8137482e-01
   5.6840991e-01
   4.3246190e-01
   3.2547236e-01
   2.8711035e-01
   3.3007175e-01
   4.3597545e-01
   5.6313975e-01
   6.6297908e-01
   6.9857395e-01
   6.5831397e-01
   5.5957600e-01
   4.4132090e-01
   3.4873032e-01
   3.1593772e-01
   3.5345654e-01
   4.4493134e-01
   5.5416053e-01
   6.3941099e-01
   6.6936896e-01
   6.3462833e-01
   5.5050698e-01
   4.5041149e-01
   3.7258528e-01
   3.4549150e-01
   3.7741966e-01
   4.5410455e-01
   5.4496756e-01
   6.1529271e-01
   6.3949555e-01
   6.1041138e-01
   5.4123863e-01
   4.5969777e-01
   3.9694308e-01
   3.7565506e-01
   4.0186655e-01
   4.6345890e-01
   5.3559712e-01
   5.9071943e-01
   6.0907162e-01
   5.8575868e-01
   5.3180752e-01
   4.6914311e-01
   4.2170760e-01
   4.0630934e-01
   4.2670073e-01
   4.7295745e-01
   5.2608620e-01
   5.6578812e-01
   5.7821723e-01
   5.6076753e-01
   5.2225089e-01
   4.7871023e-01
   4.4678110e-01
   4.3733338e-01
   4.5182419e-01
   4.8256273e-01
   5.1647233e-01
   5.4059717e-01
   5.4705416e-01
   5.3553656e-01
   5.1260644e-01
   4.8836137e-01
   4.7206463e-01
   4.6860474e-01
   4.7713777e-01
   4.9223683e-01
   5.0679345e-01
   5.1524600e-01
   5.1570538e-01
   5.1016534e-01
   5.0291224e-01
   4.9805844e-01
   4.9745841e-01
   5.0000000e-01
   5.0254159e-01
   5.0194156e-01
   4.9708776e-01
   4.8983466e-01
   4.8429462e-01
   4.8475400e-01
   4.9320655e-01
   5.0776317e-01
   5.2286223e-01
   5.3139526e-01
   5.2793537e-01
   5.1163863e-01
   4.8739356e-01
   4.6446344e-01
   4.5294584e-01
   4.5940283e-01
   4.8352767e-01
   5.1743727e-01
   5.4817581e-01
   5.6266662e-01
   5.5321890e-01
   5.2128977e-01
   4.7774911e-01
   4.3923247e-01
   4.2178277e-01
   4.3421188e-01
   4.7391380e-01
   5.2704255e-01
   5.7329927e-01
   5.9369066e-01
   5.7829240e-01
   5.3085689e-01
   4.6819248e-01
   4.1424132e-01
   3.9092838e-01
   4.0928057e-01
   4.6440288e-01
   5.3654110e-01
   5.9813345e-01
   6.2434494e-01
   6.0305692e-01
   5.4030223e-01
   4.5876137e-01
   3.8958862e-01
   3.6050445e-01
   3.8470729e-01
   4.5503244e-01
   5.4589545e-01
   6.2258034e-01
   6.5450850e-01
   6.2741472e-01
   5.4958851e-01
   4.4949302e-01
   3.6537167e-01
   3.3063104e-01
   3.6058901e-01
   4.4583947e-01
   5.5506866e-01
   6.4654346e-01
   6.8406228e-01
   6.5126968e-01
   5.5867910e-01
   4.4042400e-01
   3.4168603e-01
   3.0142605e-01
   3.3702092e-01
   4.3686025e-01
   5.6402455e-01
   6.6992825e-01
   7.1288965e-01
   6.7452764e-01
   5.6753810e-01
   4.3159009e-01
   3.1862518e-01
   2.7300475e-01
   3.1409604e-01
   4.2813021e-01
   5.7272776e-01
   6.9264240e-01
   7.4087684e-01
   6.9709682e-01
   5.7613056e-01
   4.2302617e-01
   2.9628014e-01
   2.4547929e-01
   2.9190484e-01
   4.1968380e-01
   5.8114394e-01
   7.1459628e-01
   7.6791340e-01
   7.1888814e-01
   5.8442257e-01
   4.1476603e-01
   2.7473908e-01
   2.1895831e-01
   2.7053489e-01
   4.1155437e-01
   5.8923989e-01
   7.3570325e-01
   7.9389263e-01
   7.3981562e-01
   5.9238140e-01
   4.0684226e-01
   2.5408703e-01
   1.9354647e-01
   2.5007054e-01
   4.0377400e-01
   5.9698365e-01
   7.5588001e-01
   8.1871199e-01
   7.5979666e-01
   5.9997564e-01
   3.9928615e-01
   2.3440548e-01
   1.6934407e-01
   2.3059254e-01
   3.9637338e-01
   6.0434466e-01
   7.7504692e-01
   8.4227355e-01
   7.7875239e-01
   6.0717533e-01
   3.9212751e-01
   2.1577212e-01
   1.4644661e-01
   2.1217777e-01
   3.8938173e-01
   6.1129386e-01
   7.9312835e-01
   8.6448431e-01
   7.9660802e-01
   6.1395204e-01
   3.8539459e-01
   1.9826047e-01
   1.2494447e-01
   1.9489891e-01
   3.8282664e-01
   6.1780385e-01
   8.1005293e-01
   8.8525662e-01
   8.1329307e-01
   6.2027904e-01
   3.7911397e-01
   1.8193965e-01
   1.0492249e-01
   1.7882414e-01
   3.7673398e-01
   6.2384891e-01
   8.2575388e-01
   9.0450850e-01
   8.2874170e-01
   6.2613135e-01
   3.7331043e-01
   1.6687407e-01
   8.6459713e-02
   1.6401690e-01
   3.7112779e-01
   6.2940520e-01
   8.4016923e-01
   9.2216396e-01
   8.4289293e-01
   6.3148588e-01
   3.6800688e-01
   1.5312318e-01
   6.9628986e-02
   1.5053564e-01
   3.6603021e-01
   6.3445078e-01
   8.5324208e-01
   9.3815334e-01
   8.5569092e-01
   6.3632149e-01
   3.6322424e-01
   1.4074126e-01
   5.4496738e-02
   1.3843355e-01
   3.6146134e-01
   6.3896575e-01
   8.6492085e-01
   9.5241353e-01
   8.6708516e-01
   6.4061911e-01
   3.5898139e-01
   1.2977717e-01
   4.1122687e-02
   1.2775840e-01
   3.5743922e-01
   6.4293229e-01
   8.7515945e-01
   9.6488824e-01
   8.7703068e-01
   6.4436176e-01
   3.5529508e-01
   1.2027418e-01
   2.9559616e-02
   1.1855232e-01
   3.5397972e-01
   6.4633474e-01
   8.8391746e-01
   9.7552826e-01
   8.8548824e-01
   6.4753469e-01
   3.5217986e-01
   1.1226979e-01
   1.9853157e-02
   1.1085163e-01
   3.5109650e-01
   6.4915967e-01
   8.9116032e-01
   9.8429158e-01
   8.9242445e-01
   6.5012536e-01
   3.4964801e-01
   1.0579560e-01
   1.2041619e-02
   1.0468674e-01
   3.4880094e-01
   6.5139593e-01
   8.9685945e-01
   9.9114363e-01
   8.9781194e-01
   6.5212356e-01
   3.4770953e-01
   1.0087715e-01
   6.1558297e-03
   1.0008197e-01
   3.4710208e-01
   6.5303471e-01
   9.0099236e-01
   9.9605735e-01
   9.0162945e-01
   6.5352139e-01
   3.4637208e-01
   9.7533859e-02
   2.2190177e-03
   9.7055491e-02
   3.4600665e-01
   6.5406952e-01
   9.0354274e-01
   9.9901336e-01
   9.0386191e-01
   6.5431335e-01
   3.4564092e-01
   9.5778917e-02
   2.4671982e-04
   9.5619251e-02
   3.4551895e-01
   6.5449630e-01
   9.0450051e-01
   1.0000000e+00
   9.0450051e-01
   6.5449630e-01
   3.4551895e-01
   9.5619251e-02
   2.4671982e-04
   9.5778917e-02
   3.4564092e-01
   6.5431335e-01
   9.0386191e-01
   9.9901336e-01
   9.0354274e-01
   6.5406952e-01
   3.4600665e-01
   9.7055491e-02
   2.2190177e-03
   9.7533859e-02
   3.4637208e-01
   6.5352139e-01
   9.0162945e-01
   9.9605735e-01
   9.0099236e-01
   6.5303471e-01
   3.4710208e-01
   1.0008197e-01
   6.1558297e-03
   1.0087715e-01
   3.4770953e-01
   6.5212356e-01
   8.9781194e-01
   9.9114363e-01
   8.9685945e-01
   6.5139593e-01
   3.4880094e-01
   1.0468674e-01
   1.2041619e-02
   1.0579560e-01
   3.4964801e-01
   6.5012536e-01
   8.9242445e-01
   9.8429158e-01
   8.9116032e-01
   6.4915967e-01
   3.5109650e-01
   1.1085163e-01
   1.9853157e-02
   1.1226979e-01
   3.5217986e-01
   6.4753469e-01
   8.8548824e-01
   9.7552826e-01
   8.8391746e-01
   6.4633474e-01
   3.5397972e-01
   1.1855232e-01
   2.9559616e-02
   1.2027418e-01
   3.5529508e-01
   6.4436176e-01
   8.7703068e-01
   9.6488824e-01
   8.7515945e-01
   6.4293229e-01
   3.5743922e-01
   1.2775840e-01
   4.1122687e-02
   1.2977717e-01
   3.5898139e-01
   6.4061911e-01
   8.6708516e-01
   9.5241353e-01
   8.6492085e-01
   6.3896575e-01
   3.6146134e-01
   1.3843355e-01
   5.4496738e-02
   1.4074126e-01
   3.6322424e-01
   6.3632149e-01
   8.5569092e-01
   9.3815334e-01
   8.5324208e-01
   6.3445078e-01
   3.6603021e-01
   1.5053564e-01
   6.9628986e-02
   1.5312318e-01
   3.6800688e-01
   6.3148588e-01
   8.4289293e-01
   9.2216396e-01
   8.4016923e-01
   6.2940520e-01
   3.7112779e-01
   1.6401690e-01
   8.6459713e-02
   1.6687407e-01
   3.7331043e-01
   6.2613135e-01
   8.2874170e-01
   9.0450850e-01
   8.2575388e-01
   6.2384891e-01
   3.7673398e-01
   1.7882414e-01
   1.0492249e-01
   1.8193965e-01
   3.7911397e-01
   6.2027904e-01
   8.1329307e-01
   8.8525662e-01
   8.1005293e-01
   6.1780385e-01
   3.8282664e-01
   1.9489891e-01
   1.2494447e-01
   1.9826047e-01
   3.8539459e-01
   6.1395204e-01
   7.9660802e-01
   8.6448431e-01
   7.9312835e-01
   6.1129386e-01
   3.8938173e-01
   2.1217777e-01
   1.4644661e-01
   2.1577212e-01
   3.9212751e-01
   6.0717533e-01
   7.7875239e-01
   8.4227355e-01
   7.7504692e-01
   6.0434466e-01
   3.9637338e-01
   2.3059254e-01
   1.6934407e-01
   2.3440548e-01
   3.9928615e-01
   5.9997564e-01
   7.5979666e-01
   8.1871199e-01
   7.5588001e-01
   5.9698365e-01
   4.0377400e-01
   2.5007054e-01
   1.9354647e-01
   2.5408703e-01
   4.0684226e-01
   5.9238140e-01
   7.3981562e-01
   7.9389263e-01
   7.3570325e-01
   5.8923989e-01
   4.1155437e-01
   2.7053489e-01
   2.1895831e-01
   2.7473908e-01
   4.1476603e-01
   5.8442257e-01
   7.1888814e-01
   7.6791340e-01
   7.1459628e-01
   5.8114394e-01
   4.1968380e-01
   2.9190484e-01
   2.4547929e-01
   2.9628014e-01
   4.2302617e-01
   5.7613056e-01
   6.9709682e-01
   7.4087684e-01
   6.9264240e-01
   5.7272776e-01
   4.2813021e-01
   3.1409604e-01
   2.7300475e-01
   3.1862518e-01
   4.3159009e-01
   5.6753810e-01
   6.7452764e-01
   7.1288965e-01
   6.6992825e-01
   5.6402455e-01
   4.3686025e-01
   3.3702092e-01
   3.0142605e-01
   3.4168603e-01
   4.4042400e-01
   5.5867910e-01
   6.5126968e-01
   6.8406228e-01
   6.4654346e-01
   5.5506866e-01
   4.4583947e-01
   3.6058901e-01
   3.3063104e-01
   3.6537167e-01
   4.4949302e-01
   5.4958851e-01
   6.2741472e-01
   6.5450850e-01
   6.2258034e-01
   5.4589545e-01
   4.5503244e-01
   3.8470729e-01
   3.6050445e-01
   3.8958862e-01
   4.5876137e-01
   5.4030223e-01
   6.0305692e-01
   6.2434494e-01
   5.9813345e-01
   5.3654110e-01
   4.6440288e-01
   4.0928057e-01
   3.9092838e-01
   4.1424132e-01
   4.6819248e-01
   5.3085689e-01
   5.7829240e-01
   5.9369066e-01
   5.7329927e-01
   5.2704255e-01
   4.7391380e-01
   4.3421188e-01
   4.2178277e-01
   4.3923247e-01
   4.7774911e-01
   5.2128977e-01
   5.5321890e-01
   5.6266662e-01
   5.4817581e-01
   5.1743727e-01
   4.8352767e-01
   4.5940283e-01
   4.5294584e-01
   4.6446344e-01
   4.8739356e-01
   5.1163863e-01
   5.2793537e-01
   5.3139526e-01
   5.2286223e-01
   5.0776317e-01
   4.9320655e-01
   4.8475400e-01
   4.8429462e-01
   4.8983466e-01
   4.9708776e-01
   5.0194156e-01
   5.0254159e-01
   5.0000000e-01
   4.9745841e-01
   4.9805844e-01
   5.0291224e-01
   5.1016534e-01
   5.1570538e-01
   5.1524600e-01
   5.0679345e-01
   4.9223683e-01
   4.7713777e-01
   4.6860474e-01
   4.7206463e-01
   4.8836137e-01
   5.1260644e-01
   5.3553656e-01
   5.4705416e-01
   5.4059717e-01
   5.1647233e-01
   4.8256273e-01
   4.5182419e-01
   4.3733338e-01
   4.4678110e-01
   4.7871023e-01
   5.2225089e-01
   5.6076753e-01
   5.7821723e-01
   5.6578812e-01
   5.2608620e-01
   4.7295745e-01
   4.2670073e-01
   4.0630934e-01
   4.2170760e-01
   4.6914311e-01
   5.3180752e-01
   5.8575868e-01
   6.0907162e-01
   5.9071943e-01
   5.3559712e-01
   4.6345890e-01
   4.0186655e-01
   3.7565506e-01
   3.9694308e-01
   4.5969777e-01
   5.4123863e-01
   6.1041138e-01
   6.3949555e-01
   6.1529271e-01
   5.4496756e-01
   4.5410455e-01
   3.7741966e-01
   3.4549150e-01
   3.7258528e-01
   4.5041149e-01
   5.5050698e-01
   6.3462833e-01
   6.6936896e-01
   6.3941099e-01
   5.5416053e-01
   4.4493134e-01
   3.5345654e-01
   3.1593772e-01
   3.4873032e-01
   4.4132090e-01
   5.5957600e-01
   6.5831397e-01
   6.9857395e-01
   6.6297908e-01
   5.6313975e-01
   4.3597545e-01
   3.3007175e-01
   2.8711035e-01
   3.2547236e-01
   4.3246190e-01
   5.6840991e-01
   6.8137482e-01
   7.2699525e-01
   6.8590396e-01
   5.7186979e-01
   4.2727224e-01
   3.0735760e-01
   2.5912316e-01
   3.0290318e-01
   4.2386944e-01
   5.7697383e-01
   7.0371986e-01
   7.5452071e-01
   7.0809516e-01
   5.8031620e-01
   4.1885606e-01
   2.8540372e-01
   2.3208660e-01
   2.8111186e-01
   4.1557743e-01
   5.8523397e-01
   7.2526092e-01
   7.8104169e-01
   7.2946511e-01
   5.8844563e-01
   4.1076011e-01
   2.6429675e-01
   2.0610737e-01
   2.6018438e-01
   4.0761860e-01
   5.9315774e-01
   7.4591297e-01
   8.0645353e-01
   7.4992946e-01
   5.9622600e-01
   4.0301635e-01
   2.4411999e-01
   1.8128801e-01
   2.4020334e-01
   4.0002436e-01
   6.0071385e-01
   7.6559452e-01
   8.3065593e-01
   7.6940746e-01
   6.0362662e-01
   3.9565534e-01
   2.2495308e-01
   1.5772645e-01
   2.2124761e-01
   3.9282467e-01
   6.0787249e-01
   7.8422788e-01
   8.5355339e-01
   7.8782223e-01
   6.1061827e-01
   3.8870614e-01
   2.0687165e-01
   1.3551569e-01
   2.0339198e-01
   3.8604796e-01
   6.1460541e-01
   8.0173953e-01
   8.7505553e-01
   8.0510109e-01
   6.1717336e-01
   3.8219615e-01
   1.8994707e-01
   1.1474338e-01
   1.8670693e-01
   3.7972096e-01
   6.2088603e-01
   8.1806035e-01
   8.9507751e-01
   8.2117586e-01
   6.2326602e-01
   3.7615109e-01
   1.7424612e-01
   9.5491503e-02
   1.7125830e-01
   3.7386865e-01
   6.2668957e-01
   8.3312593e-01
   9.1354029e-01
   8.3598310e-01
   6.2887221e-01
   3.7059480e-01
   1.5983077e-01
   7.7836037e-02
   1.5710707e-01
   3.6851412e-01
   6.3199312e-01
   8.4687682e-01
   9.3037101e-01
   8.4946436e-01
   6.3396979e-01
   3.6554922e-01
   1.4675792e-01
   6.1846660e-02
   1.4430908e-01
   3.6367851e-01
   6.3677576e-01
   8.5925874e-01
   9.4550326e-01
   8.6156645e-01
   6.3853866e-01
   3.6103425e-01
   1.3507915e-01
   4.7586474e-02
   1.3291484e-01
   3.5938089e-01
   6.4101861e-01
   8.7022283e-01
   9.5887731e-01
   8.7224160e-01
   6.4256078e-01
   3.5706771e-01
   1.2484055e-01
   3.5111757e-02
   1.2296932e-01
   3.5563824e-01
   6.4470492e-01
   8.7972582e-01
   9.7044038e-01
   8.8144768e-01
   6.4602028e-01
   3.5366526e-01
   1.1608254e-01
   2.4471742e-02
   1.1451176e-01
   3.5246531e-01
   6.4782014e-01
   8.8773021e-01
   9.8014684e-01
   8.8914837e-01
   6.4890350e-01
   3.5084033e-01
   1.0883968e-01
   1.5708419e-02
   1.0757555e-01
   3.4987464e-01
   6.5035199e-01
   8.9420440e-01
   9.8795838e-01
   8.9531326e-01
   6.5119906e-01
   3.4860407e-01
   1.0314055e-01
   8.8563746e-03
   1.0218806e-01
   3.4787644e-01
   6.5229047e-01
   8.9912285e-01
   9.9384417e-01
   8.9991803e-01
   6.5289792e-01
   3.4696529e-01
   9.9007640e-02
   3.9426493e-03
   9.8370550e-02
   3.4647861e-01
   6.5362792e-01
   9.0246614e-01
   9.9778098e-01
   9.0294451e-01
   6.5399335e-01
   3.4593048e-01
   9.6457264e-02
   9.8663579e-04
   9.6138089e-02
   3.4568665e-01
   6.5435908e-01
   9.0422108e-01
   9.9975328e-01
   9.0438075e-01
   6.5448105e-01
   3.4550370e-01
   9.5499487e-02
   0.0000000e+00
